0 0
1 0
2 0
3 0
4 0
5 0
6 0
7 0
8 0
9 0
10 0
11 0
12 0
13 0
14 0
15 0
16 0
17 0
18 0
19 0
20 0
21 0
22 0
23 0
24 0
25 0
26 0
27 0
28 0
29 0
30 0
31 0
32 0
33 0
34 0
35 0
36 0
37 0
38 0
39 0
40 0
42 1
48 1
54 1
55 1
56 1
59 1
61 1
64 1
66 1
68 1
75 1
76 1
83 1
88 1
92 1
93 1
94 1
97 1
105 1
106 1
107 1
108 1
109 1
110 1
111 1
112 1
113 0
114 0
115 0
116 0
117 0
118 0
119 0
120 0
121 0
122 0
123 0
124 0
125 0
126 0
127 0
128 0
129 0
130 0
131 0
132 0
133 0
134 0
135 0
136 0
137 0
138 0
139 0
140 0
141 0
142 0
143 0
144 0
145 0
146 0
147 0
148 0
149 0
150 0
151 0
152 0
153 0
154 0
155 0
156 0
157 0
158 0
159 0
160 0
161 0
162 0
163 0
164 0
165 0
166 0
167 0
168 0
169 0
170 0
171 0
172 0
173 0
174 0
175 0
176 0
177 0
178 0
179 0
180 0
181 0
182 0
183 0
184 0
185 0
186 0
187 0
188 0
189 0
190 0
191 0
192 0
193 0
194 0
195 0
196 0
197 0
198 0
199 0
200 0
201 0
202 0
203 0
204 0
205 1
206 0
207 0
208 0
209 0
210 0
211 0
212 0
213 0
214 0
215 1
217 1
219 1
223 1
225 1
226 0
227 0
228 0
229 0
230 0
231 0
232 0
233 0
234 0
235 0
236 0
237 0
238 0
239 0
240 0
241 0
242 0
243 0
244 0
245 0
246 0
247 0
248 0
249 0
250 0
251 0
252 0
253 0
254 0
255 0
256 0
257 0
258 0
259 0
260 0
261 0
262 0
263 0
264 0
265 0
266 0
267 0
268 0
269 0
270 0
271 0
272 0
273 0
274 0
275 0
276 0
277 1
278 0
279 0
280 0
281 0
282 0
283 0
284 0
285 0
286 0
287 0
288 0
289 0
290 0
292 0
293 0
294 0
295 0
296 0
297 0
298 0
299 0
300 0
301 0
302 0
303 0
304 0
305 0
306 0
307 0
308 0
309 0
310 0
311 0
312 0
313 0
314 0
315 0
316 0
317 0
318 0
319 0
320 0
321 0
322 0
323 0
324 0
325 0
326 0
327 0
328 0
329 0
330 0
331 0
332 0
333 0
334 0
335 0
336 0
337 0
338 0
340 1
343 1
344 1
345 1
346 1
347 0
350 1
351 1
352 1
353 1
354 1
360 1
364 1
368 1
370 1
371 1
372 0
373 0
374 0
375 0
376 0
377 0
378 0
379 0
380 0
381 0
382 0
383 0
384 0
385 0
386 0
387 0
388 0
389 0
390 0
391 0
392 0
393 0
394 0
395 0
396 0
397 1
401 1
406 1
409 1
411 1
413 1
415 1
417 1
418 1
419 1
421 1
422 1
423 1
425 1
426 1
427 1
429 1
434 1
435 0
436 0
437 0
438 0
439 0
440 0
441 0
442 0
443 0
444 0
445 0
446 1
447 0
448 0
449 0
451 0
452 0
453 0
454 0
455 0
456 0
457 0
458 0
459 0
460 0
461 0
462 0
463 0
464 0
465 0
466 0
467 1
468 1
471 1
473 1
475 1
477 1
480 1
483 1
484 1
486 1
489 1
493 1
494 0
495 0
496 0
497 0
498 0
499 0
500 0
501 0
502 0
503 0
504 0
505 0
506 0
507 1
509 1
510 1
511 1
513 1
514 1
518 1
523 1
525 1
526 1
527 1
528 1
529 1
532 1
534 1
536 1
537 1
539 1
540 1
541 1
543 1
544 1
549 1
550 1
553 1
554 1
558 1
563 1
564 1
567 1
571 1
572 1
573 1
574 1
576 1
579 1
582 1
585 1
588 1
589 1
590 1
593 1
594 1
598 1
599 1
602 1
603 1
604 1
605 0
606 0
607 0
608 0
609 0
610 0
611 0
612 0
613 1
615 1
617 1
618 1
619 1
623 1
624 1
625 1
627 1
629 1
631 1
636 1
637 1
639 1
642 1
643 1
644 1
645 1
646 1
649 1
650 1
652 1
653 1
656 1
660 1
661 1
662 1
665 1
669 1
671 1
677 0
678 1
680 1
684 1
687 1
688 1
691 1
693 1
697 1
698 1
699 1
700 0
701 0
702 0
703 0
704 0
705 0
706 0
707 0
708 0
709 0
710 0
711 0
712 0
713 0
714 0
715 0
716 0
717 0
718 0
719 0
720 0
721 0
722 0
723 0
724 0
725 0
726 0
727 0
728 0
729 0
730 0
731 0
732 0
733 0
734 0
735 0
736 0
737 0
738 0
739 0
740 0
741 0
742 0
743 0
744 0
745 0
746 0
747 0
748 0
749 0
750 0
751 0
752 0
753 0
754 0
755 0
756 0
757 0
758 0
759 0
760 0
761 0
762 0
763 0
764 0
765 0
766 0
767 0
768 0
769 0
770 1
771 1
774 1
777 1
778 1
783 1
786 1
787 0
788 0
789 0
790 0
791 0
792 0
793 0
794 0
795 0
796 0
797 0
798 0
799 0
800 0
801 0
802 0
803 0
804 0
805 0
806 0
807 0
808 0
811 0
814 1
815 1
816 1
818 1
819 1
823 0
824 0
825 0
826 0
827 0
828 0
829 0
830 0
831 0
832 0
833 0
834 0
835 0
836 0
837 0
838 0
839 0
840 0
841 0
842 0
843 0
844 0
845 0
846 0
847 0
848 0
849 0
850 0
851 0
852 0
853 0
854 0
855 0
856 0
857 0
858 0
859 0
860 0
861 0
862 0
863 0
864 0
865 0
866 0
867 0
868 0
869 0
870 0
871 0
872 0
873 0
874 0
875 0
876 0
877 0
878 0
879 0
880 0
881 0
882 0
883 0
884 0
885 0
886 0
887 0
888 0
889 0
890 0
891 0
892 0
893 0
894 0
895 0
896 0
897 0
898 0
899 0
900 0
901 0
902 0
903 0
904 0
905 0
906 0
907 0
908 0
909 0
910 0
913 1
916 1
917 1
920 1
921 1
922 1
926 1
927 1
929 1
930 1
931 1
933 1
935 1
936 1
943 1
945 1
947 1
948 0
949 0
950 0
951 0
952 0
953 0
954 0
955 0
956 0
957 0
958 0
959 0
960 0
961 0
962 0
963 0
964 0
965 0
967 0
968 0
969 0
970 0
971 0
972 0
973 0
974 0
975 0
976 1
977 1
984 1
985 1
989 1
993 1
997 1
999 1
1000 1
1002 1
1003 1
1004 1
1005 1
1008 1
1010 1
1013 1
1014 0
1015 0
1016 0
1017 0
1018 0
1019 0
1020 0
1021 0
1022 0
1023 0
1024 0
1025 0
1026 0
1027 0
1028 0
1029 0
1030 0
1031 0
1032 0
1033 0
1034 0
1035 0
1036 0
1037 0
1038 0
1039 0
1040 0
1041 0
1042 0
1043 0
1044 0
1045 0
1046 0
1047 0
1048 0
1050 0
1051 0
1052 0
1053 0
1054 0
1055 0
1056 0
1057 0
1058 0
1059 0
1060 0
1061 0
1062 0
1063 0
1064 0
1065 0
1066 0
1067 0
1068 0
1069 0
1070 0
1071 0
1072 0
1073 0
1074 0
1075 0
1076 0
1077 0
1078 0
1079 0
1080 0
1081 0
1082 0
1083 0
1084 0
1085 0
1086 0
1087 0
1088 0
1089 0
1090 0
1091 0
1092 0
1093 0
1094 0
1095 0
1096 0
1097 0
1098 0
1099 0
1100 0
1101 0
1102 0
1103 0
1104 0
1105 0
1106 0
1107 0
1108 0
1109 0
1110 0
1111 0
1112 0
1113 0
1114 0
1115 0
1116 0
1117 0
1118 0
1119 0
1120 0
1121 0
1122 0
1123 0
1124 0
1125 0
1126 0
1127 0
1128 0
1129 0
1130 0
1131 0
1132 0
1133 0
1134 0
1136 1
1137 1
1141 1
1143 1
1145 1
1148 1
1150 1
1152 1
1156 1
1158 1
1159 1
1162 1
1170 1
1171 0
1172 0
1173 0
1174 0
1175 0
1176 0
1177 1
1178 1
1179 1
1180 1
1181 1
1184 1
1187 1
1189 1
1191 1
1194 1
1197 1
1199 1
1200 1
1205 1
1206 1
1208 1
1209 0
1210 1
1211 0
1212 0
1213 0
1214 0
1215 1
1216 0
1217 0
1218 1
1219 1
1220 1
1222 1
1223 1
1228 1
1231 1
1232 1
1233 1
1234 1
1235 1
1240 1
1242 1
1244 1
1245 1
1247 1
1248 1
1252 1
1256 1
1257 1
1258 1
1260 1
1262 1
1263 1
1271 1
1272 1
1273 1
1275 1
1277 1
1282 1
1284 1
1287 1
1289 1
1291 1
1299 1
1300 1
1301 1
1302 1
1303 1
1304 1
1306 1
1307 1
1308 1
1310 1
1311 1
1314 1
1316 1
1317 1
1321 1
1322 1
1323 1
1324 0
1325 0
1326 0
1328 0
1329 0
1330 0
1332 1
1335 0
1336 0
1337 1
1338 0
1339 0
1341 1
1342 1
1345 1
1347 1
1348 0
1349 0
1350 0
1351 0
1352 0
1353 0
1354 0
1355 0
1356 0
1357 0
1358 0
1359 0
1360 0
1361 0
1362 0
1363 0
1364 0
1365 0
1366 0
1367 0
1368 0
1369 0
1370 0
1371 0
1372 0
1373 0
1376 0
1377 0
1378 0
1379 0
1380 0
1381 0
1382 0
1383 0
1384 0
1385 1
1386 1
1387 0
1388 0
1389 0
1391 0
1392 0
1393 1
1394 0
1395 0
1396 1
1397 0
1398 0
1400 0
1403 1
1404 1
1405 1
1409 1
1410 1
1411 1
1413 1
1416 1
1417 1
1423 1
1427 1
1428 1
1429 1
1432 1
1434 1
1436 1
1438 1
1439 1
1442 1
1443 1
1445 1
1448 1
1449 1
1451 1
1453 1
1454 1
1456 1
1457 1
1458 1
1460 1
1462 1
1463 1
1464 1
1466 1
1470 1
1478 1
1479 1
1483 1
1484 1
1487 1
1488 1
1489 1
1490 1
1491 1
1492 1
1494 1
1496 1
1503 1
1505 1
1507 1
1513 1
1514 1
1520 1
1523 1
1524 1
1525 1
1526 1
1527 1
1528 1
1530 1
1531 0
1532 0
1533 0
1534 0
1535 0
1536 0
1537 0
1538 0
1539 0
1540 0
1541 0
1542 0
1543 0
1544 0
1545 0
1546 1
1548 1
1550 1
1552 1
1553 1
1554 1
1556 1
1557 1
1558 1
1561 1
1564 1
1565 1
1567 1
1568 1
1570 1
1571 1
1572 1
1574 1
1577 1
1578 1
1579 1
1580 1
1583 1
1584 1
1585 1
1588 1
1591 1
1592 1
1593 1
1599 1
1601 1
1602 1
1604 1
1606 1
1607 1
1608 1
1610 1
1612 1
1613 1
1614 1
1615 1
1616 1
1618 1
1619 1
1624 1
1626 1
1630 1
1631 1
1632 1
1633 1
1634 1
1636 1
1637 1
1639 1
1642 0
1643 1
1644 1
1646 1
1650 0
1652 1
1653 1
1654 1
1655 1
1657 1
1658 0
1659 0
1660 1
1662 0
1664 0
1665 1
1666 0
1668 0
1672 1
1674 1
1680 1
1685 1
1686 0
1687 0
1688 0
1689 0
1690 0
1691 0
1692 0
1693 0
1694 0
1695 0
1696 0
1697 0
1698 0
1699 0
1700 0
1701 0
1702 0
1703 0
1704 0
1705 1
1706 1
1707 0
1708 0
1709 0
1710 0
1711 0
1713 1
1715 1
1716 1
1717 1
1721 1
1726 1
1727 1
1728 1
1729 1
1730 1
1731 0
1732 0
1735 1
1737 1
1738 1
1739 1
1740 1
1743 1
1744 1
1747 1
1749 1
1750 1
1751 1
1752 0
1753 0
1754 0
1755 0
1757 1
1758 1
1759 1
1760 1
1761 1
1762 0
1763 0
1764 0
1765 0
1766 0
1767 0
1768 0
1769 0
1770 0
1771 0
1772 0
1773 0
1774 0
1775 0
1777 0
1778 0
1779 0
1780 0
1781 0
1782 0
1783 0
1784 0
1785 0
1786 0
1787 1
1788 0
1789 0
1790 0
1791 0
1792 0
1793 0
1794 0
1795 0
1796 0
1797 0
1798 0
1799 0
1800 0
1801 0
1802 0
1803 0
1804 0
1805 0
1806 0
1807 0
1808 0
1809 0
1810 0
1817 1
1818 1
1823 1
1826 1
1827 1
1832 1
1835 1
1836 1
1838 1
1839 1
1840 0
1841 0
1842 0
1843 1
1844 1
1846 1
1850 1
1852 1
1854 0
1860 0
1863 1
1864 0
1865 1
1866 1
1867 1
1869 1
1871 1
1872 1
1873 1
1874 0
1875 0
1876 0
1877 0
1878 0
1879 0
1880 0
1881 0
1882 0
1883 1
1885 1
1886 1
1887 1
1888 0
1889 0
1890 0
1891 0
1892 0
1893 0
1894 0
1895 0
1896 0
1897 0
1898 0
1899 0
1900 0
1901 0
1902 0
1903 0
1904 0
1905 0
1906 0
1907 0
1908 0
1909 0
1910 0
1911 0
1912 0
1913 0
1914 0
1915 0
1916 0
1917 0
1918 0
1919 0
1920 0
1921 0
1922 0
1923 0
1924 0
1925 0
1926 0
1927 0
1928 0
1929 0
1930 0
1931 0
1932 0
1933 0
1934 0
1935 1
1936 1
1937 1
1939 1
1941 1
1942 1
1946 1
1947 1
1952 1
1953 1
1954 1
1955 1
1958 1
1960 1
1963 1
1966 1
1969 1
1971 1
1972 1
1974 1
1975 1
1976 1
1977 1
1978 1
1983 1
1985 1
1986 1
1991 1
1992 1
1994 1
1995 1
1997 1
1999 1
2001 1
2004 1
2005 1
2006 1
2007 1
2009 1
2010 1
2013 1
2014 1
2017 1
2019 0
2020 0
2022 1
2023 1
2024 1
2025 1
2035 1
2037 1
2039 1
2040 1
2042 1
2043 0
2044 0
2045 0
2046 0
2047 0
2048 0
2049 0
2050 0
2051 0
2052 0
2053 0
2054 0
2055 0
2056 0
2057 0
2058 0
2059 0
2060 0
2061 0
2062 1
2065 1
2066 1
2071 1
2073 1
2075 1
2077 1
2079 1
2080 1
2082 1
2083 1
2085 1
2089 1
2090 0
2091 0
2092 0
2093 0
2094 0
2095 0
2096 0
2097 0
2098 0
2099 0
2100 0
2101 0
2102 0
2103 0
2104 0
2105 0
2106 0
2107 0
2108 0
2109 0
2110 0
2111 0
2112 0
2115 1
2118 1
2119 1
2120 1
2123 1
2125 1
2126 1
2128 1
2129 1
2130 1
2134 0
2135 0
2136 0
2137 0
2138 0
2139 0
2140 0
2141 0
2142 0
2143 0
2144 0
2145 0
2146 0
2147 0
2148 0
2149 0
2150 0
2151 0
2152 0
2153 0
2154 0
2155 0
2156 0
2157 0
2158 0
2159 0
2160 0
2161 0
2162 0
2163 0
2164 0
2165 0
2166 0
2167 0
2168 0
2169 0
2170 0
2171 0
2172 0
2173 0
2174 0
2175 0
2176 0
2177 0
2178 0
2179 0
2180 0
2181 0
2182 0
2183 0
2184 1
2187 1
2192 1
2195 1
2203 1
2206 1
2208 1
2209 1
2219 1
2221 1
2222 1
2224 1
2225 1
2226 0
2227 0
2228 0
2229 0
2230 0
2231 0
2232 0
2233 0
2234 0
2235 0
2236 0
2237 0
2238 0
2239 0
2240 0
2241 0
2242 0
2243 0
2244 0
2245 0
2246 0
2247 0
2248 0
2249 1
2250 1
2251 1
2252 1
2253 1
2254 1
2257 1
2259 1
2262 1
2263 1
2264 1
2267 1
2270 1
2271 1
2274 1
2275 1
2277 1
2278 1
2280 1
2282 1
2283 1
2287 1
2288 1
2289 1
2290 1
2295 1
2296 1
2298 1
2301 1
2303 1
2306 1
2308 1
2311 1
2314 1
2315 1
2316 1
2317 1
2320 1
2322 1
2323 1
2324 1
2325 1
2327 1
2329 1
2330 1
2332 1
2333 1
2335 1
2336 1
2337 1
2340 1
2342 1
2343 1
2345 1
2346 1
2347 1
2349 1
2350 0
2351 0
2352 0
2353 0
2354 0
2355 0
2356 0
2357 0
2358 0
2361 1
2365 1
2366 1
2367 1
2368 1
2369 1
2372 1
2373 1
2374 1
2377 1
2381 1
2384 1
2385 1
2387 1
2388 1
2389 1
2392 1
2393 1
2396 1
2398 1
2399 1
2402 1
2405 1
2406 1
2408 1
2412 1
2413 1
2414 1
2415 1
2417 1
2421 1
2423 1
2424 0
2425 0
2426 0
2427 0
2428 0
2429 0
2430 0
2431 0
2432 0
2433 0
2434 0
2435 0
2436 0
2437 0
2438 0
2439 0
2440 0
2441 0
2442 0
2443 0
2444 0
2445 0
2446 0
2447 0
2448 0
2449 0
2450 0
2451 0
2452 0
2453 0
2454 0
2455 0
2456 0
2457 0
2458 0
2459 0
2460 0
2461 0
2462 0
2463 0
2464 0
2465 0
2466 0
2467 0
2468 0
2469 0
2470 0
2471 0
2474 1
2480 1
2484 1
2486 1
2488 1
2489 1
2491 1
2493 1
2497 1
2498 1
2499 1
2501 1
2503 1
2510 1
2511 1
2512 1
2513 1
2517 1
2519 0
2523 1
2525 1
2526 0
2528 0
2529 1
2530 0
2532 0
2533 0
2534 0
2535 0
2536 0
2537 0
2538 0
2539 0
2540 0
2541 0
2542 0
2543 0
2544 0
2545 0
2546 0
2547 0
2548 0
2549 0
2550 1
2556 1
2557 1
2558 1
2561 1
2564 1
2565 1
2568 1
2572 1
2573 1
2576 1
2578 1
2579 1
2580 1
2581 1
2582 1
2584 1
2591 1
2593 1
2594 1
2595 1
2597 1
2598 1
2606 1
2607 1
2608 1
2609 1
2614 1
2616 1
2622 1
2624 1
2625 1
2627 1
2631 1
2632 1
2633 1
2634 1
2637 1
2638 0
2639 0
2640 0
2641 0
2642 0
2643 0
2644 0
2645 0
2646 0
2647 0
2648 0
2649 0
2650 0
2651 0
2652 0
2653 0
2654 0
2655 0
2656 0
2657 0
2658 0
2659 0
2660 0
2661 0
2662 0
2663 0
2664 0
2665 0
2666 0
2667 0
2668 0
2669 0
2670 0
2671 1
2674 1
2678 1
2679 1
2680 0
2681 0
2682 0
2683 0
2685 0
2686 0
2687 0
2689 1
2690 0
2691 0
2692 0
2693 0
2695 0
2696 0
2697 0
2698 0
2699 0
2700 0
2701 0
2702 1
2703 1
2704 0
2706 0
2707 0
2708 0
2709 0
2710 0
2711 0
2712 0
2713 0
2714 0
2715 0
2716 0
2717 0
2718 0
2719 1
2720 0
2721 0
2722 0
2723 0
2724 0
2725 0
2726 0
2727 1
2729 0
2730 0
2731 0
2733 1
2734 1
2738 1
2739 1
2741 1
2747 1
2749 1
2750 1
2753 1
2754 1
2757 1
2758 1
2759 1
2760 1
2763 1
2764 1
2765 1
2772 1
2774 1
2775 1
2779 1
2780 1
2781 1
2782 1
2783 1
2784 1
2787 1
2788 0
2789 0
2790 0
2791 0
2792 0
2793 0
2794 0
2795 0
2796 0
2797 1
2798 1
2799 1
2800 1
2802 1
2806 1
2807 1
2809 1
2810 0
2811 0
2813 0
2814 0
2815 0
2816 0
2817 0
2818 0
2819 0
2820 0
2821 0
2822 0
2823 0
2824 1
2826 1
2827 1
2828 1
2829 1
2830 1
2832 1
2836 1
2837 1
2839 1
2840 0
2841 1
2843 1
2844 1
2847 1
2848 1
2850 1
2851 1
2852 1
2856 1
2858 0
2859 1
2861 1
2863 1
2867 1
2868 0
2870 1
2871 1
2872 1
2876 1
2880 1
2881 1
2883 1
2884 1
2888 1
2889 1
2890 1
2891 1
2892 1
2896 1
2897 1
2898 1
2901 1
2904 1
2905 1
2907 1
2908 1
2910 1
2912 1
2916 1
2917 1
2918 1
2922 1
2923 1
2924 1
2926 1
2927 1
2930 1
2934 1
2935 1
2936 0
2937 0
2938 0
2939 0
2940 0
2941 0
2942 0
2943 0
2944 0
2945 0
2946 0
2947 0
2948 0
2949 0
2950 0
2951 0
2952 0
2953 0
2954 0
2955 0
2956 0
2957 0
2958 0
2959 0
2960 0
2961 0
2962 0
2963 0
2964 0
2965 0
2966 0
2967 0
2968 0
2969 0
2970 0
2971 0
2972 0
2973 0
2974 0
2975 0
2976 0
2977 0
2978 0
2980 0
2981 0
2983 0
2984 0
2985 0
2986 0
2987 0
2988 0
2989 0
2990 0
2991 0
2992 0
2993 0
2994 0
2995 0
2996 0
2997 1
2998 1
2999 1
3001 1
3004 1
3008 1
3010 1
3012 1
3014 1
3015 1
3017 1
3019 1
3020 1
3021 1
3022 1
3026 1
3027 1
3028 1
3031 1
3032 1
3033 1
3034 1
3036 1
3037 1
3040 1
3041 1
3042 1
3044 1
3045 1
3048 1
3049 1
3053 1
3054 1
3056 1
3057 1
3058 1
3061 1
3064 1
3066 1
3068 1
3070 1
3071 1
3072 0
3073 0
3074 0
3075 0
3076 0
3077 0
3078 0
3079 0
3080 0
3081 0
3082 0
3083 0
3084 0
3085 0
3086 0
3087 0
3088 0
3089 1
3091 0
3092 0
3093 0
3094 0
3095 0
3096 0
3097 0
3098 0
3099 0
3100 0
3101 0
3102 0
3103 0
3105 1
3107 1
3108 1
3112 1
3113 1
3115 1
3116 1
3117 0
3118 0
3119 0
3120 0
3121 0
3122 0
3123 0
3124 0
3125 0
3126 0
3127 0
3128 0
3129 0
3130 0
3131 0
3132 0
3133 0
3134 0
3135 0
3136 0
3137 0
3138 0
3139 0
3140 0
3141 0
3142 0
3143 0
3144 0
3145 0
3146 0
3147 0
3148 0
3149 0
3150 1
3151 1
3155 1
3158 1
3160 1
3161 1
3164 1
3165 1
3166 1
3167 1
3169 1
3170 1
3171 1
3172 1
3175 1
3179 1
3181 1
3182 0
3183 0
3184 0
3185 0
3186 0
3187 0
3188 0
3189 0
3190 0
3191 0
3192 0
3193 0
3194 0
3195 0
3196 0
3197 0
3198 0
3199 0
3200 0
3201 0
3202 0
3203 0
3204 0
3205 0
3206 0
3207 0
3208 0
3209 0
3210 0
3211 0
3212 0
3213 0
3214 0
3215 0
3216 0
3217 0
3218 0
3221 1
3222 1
3224 1
3225 1
3226 1
3227 1
3228 1
3231 1
3232 0
3233 0
3234 0
3235 0
3236 0
3237 0
3238 0
3240 1
3242 1
3243 1
3244 1
3245 1
3247 1
3249 1
3250 1
3251 1
3253 1
3254 1
3255 1
3256 1
3258 1
3261 1
3265 1
3268 1
3269 1
3272 1
3273 1
3274 1
3275 1
3276 1
3277 1
3280 1
3282 1
3283 1
3292 0
3293 0
3294 0
3295 1
3296 1
3300 1
3303 1
3307 1
3308 1
3309 1
3310 1
3311 0
3312 0
3313 0
3314 0
3315 0
3316 0
3317 0
3318 0
3319 0
3324 1
3329 1
3330 1
3332 1
3333 1
3335 1
3337 1
3338 1
3339 0
3340 0
3341 0
3342 0
3343 0
3344 0
3345 0
3346 0
3347 0
3348 0
3349 0
3350 0
3351 0
3352 0
3353 0
3354 0
3355 0
3356 0
3357 0
3358 0
3359 0
3360 0
3361 0
3362 0
3363 0
3364 0
3365 0
3366 0
3367 0
3368 0
3369 0
3370 0
3372 0
3373 0
3374 0
3375 0
3376 0
3377 0
3378 0
3379 0
3380 0
3381 0
3382 0
3383 0
3384 0
3385 0
3386 0
3387 0
3388 0
3389 0
3392 1
3393 1
3394 1
3398 1
3399 1
3404 1
3406 1
3407 1
3408 1
3409 1
3410 1
3412 1
3413 1
3414 1
3419 1
3420 1
3421 1
3422 1
3423 1
3427 1
3430 1
3431 1
3432 1
3433 1
3434 1
3435 0
3436 1
3437 0
3438 0
3439 1
3441 1
3442 1
3443 1
3444 1
3445 1
3447 1
3448 1
3451 1
3454 0
3455 0
3456 0
3457 0
3458 0
3459 0
3460 0
3461 0
3462 0
3463 0
3464 0
3465 0
3466 0
3467 0
3468 0
3469 0
3470 0
3471 0
3472 0
3473 0
3474 0
3475 0
3476 0
3477 0
3478 0
3479 0
3480 1
3483 1
3487 1
3488 1
3489 1
3492 1
3494 1
3495 1
3498 1
3499 1
3501 1
3502 0
3503 0
3505 0
3506 1
3507 1
3510 1
3514 1
3515 1
3516 0
3519 1
3520 1
3521 0
3522 0
3523 0
3524 0
3525 0
3526 0
3527 0
3528 0
3529 0
3530 0
3531 0
3532 0
3533 0
3534 0
3535 0
3536 0
3537 0
3538 0
3539 0
3540 0
3542 1
3544 1
3545 1
3546 1
3548 1
3550 1
3551 1
3552 1
3555 1
3556 1
3557 1
3560 1
3562 1
3563 0
3564 0
3565 0
3566 0
3567 1
3568 0
3569 0
3570 0
3571 0
3572 0
3573 0
3574 0
3575 0
3576 0
3577 0
3578 0
3580 1
3582 1
3584 1
3591 1
3592 1
3594 1
3596 1
3597 1
3600 1
3601 1
3602 1
3606 1
3607 1
3608 1
3611 1
3612 1
3615 1
3616 0
3617 0
3618 0
3619 0
3620 0
3621 0
3622 0
3623 1
3624 0
3625 0
3626 0
3627 0
3628 0
3629 0
3630 0
3631 0
3632 0
3633 0
3634 0
3635 0
3636 0
3637 0
3638 0
3639 0
3640 0
3641 0
3642 1
3644 1
3645 1
3646 1
3649 1
3650 1
3652 1
3653 1
3655 1
3656 0
3657 0
3658 1
3660 1
3663 1
3665 1
3666 1
3668 1
3669 1
3671 1
3672 1
3673 1
3675 1
3676 1
3679 1
3680 1
3683 1
3684 1
3685 1
3686 0
3687 0
3688 0
3689 0
3690 0
3691 0
3692 0
3693 0
3694 0
3695 0
3696 0
3697 0
3698 0
3699 0
3700 0
3702 0
3703 0
3704 0
3705 0
3706 0
3707 0
3708 1
3711 1
3712 1
3713 1
3715 1
3716 1
3721 1
3722 1
3723 1
3724 1
3727 1
3728 1
3730 1
3731 1
3736 1
3737 1
3738 1
3739 1
3741 1
3742 0
3743 0
3744 0
3745 0
3746 0
3747 0
3748 0
3749 0
3750 0
3751 0
3752 0
3753 0
3754 0
3755 0
3756 0
3757 0
3758 0
3759 0
3760 0
3761 0
3762 0
3763 0
3764 0
3765 0
3766 0
3767 0
3768 0
3769 0
3770 0
3771 0
3772 0
3773 0
3774 0
3775 1
3777 1
3779 0
3780 1
3781 1
3784 1
3789 1
3790 1
3791 1
3792 1
3793 1
3794 1
3796 1
3798 1
3800 1
3804 1
3806 1
3807 1
3810 1
3812 1
3815 1
3816 0
3817 0
3818 0
3819 0
3820 0
3821 0
3822 0
3823 0
3824 0
3825 0
3826 0
3827 0
3828 0
3829 0
3830 0
3831 0
3832 0
3833 0
3834 0
3835 0
3836 0
3837 0
3838 0
3839 0
3840 0
3841 0
3842 0
3843 0
3844 0
3845 1
3849 1
3850 1
3851 1
3856 1
3857 1
3858 1
3859 1
3860 1
3867 1
3868 0
3869 0
3870 0
3871 0
3872 0
3873 0
3874 0
3875 0
3876 0
3877 0
3878 0
3879 0
3880 0
3881 0
3882 0
3883 0
3884 0
3885 0
3887 0
3888 0
3889 0
3891 0
3892 0
3893 0
3895 0
3896 0
3897 0
3898 0
3899 0
3900 0
3901 0
3902 0
3903 1
3904 0
3905 0
3906 0
3907 0
3908 0
3909 0
3910 0
3911 0
3912 0
3913 0
3914 0
3915 0
3916 1
3917 1
3919 1
3920 1
3922 1
3924 1
3925 1
3926 1
3927 1
3930 1
3932 1
3933 1
3935 1
3936 1
3939 1
3940 1
3941 1
3943 1
3949 1
3952 1
3953 0
3954 0
3955 0
3956 0
3957 0
3958 0
3959 0
3960 0
3961 0
3962 0
3963 0
3964 0
3965 0
3966 0
3967 0
3968 0
3969 0
3970 0
3971 0
3972 0
3973 0
3974 0
3975 0
3976 0
3977 0
3978 0
3979 0
3980 0
3981 0
3982 0
3983 0
3984 0
3985 0
3986 0
3987 0
3988 0
3989 0
3990 0
3991 0
3994 1
3996 1
3997 1
3998 1
4000 1
4001 1
4003 1
4004 1
4006 1
4012 1
4013 1
4014 1
4015 1
4018 1
4019 1
4022 1
4023 1
4025 1
4026 1
4027 1
4028 1
4030 1
4031 1
4036 1
4037 1
4040 1
4041 1
4042 1
4043 1
4045 1
4048 1
4051 1
4053 1
4054 1
4055 1
4057 1
4062 1
4063 1
4064 1
4065 1
4066 1
4073 1
4074 1
4075 1
4076 1
4078 1
4079 1
4082 1
4084 1
4086 1
4089 1
4090 1
4095 1
4097 1
4102 1
4103 1
4104 1
4108 1
4110 1
4113 1
4115 1
4116 1
4117 1
4118 1
4120 1
4122 1
4123 1
4124 1
4125 1
4127 1
4128 1
4129 1
4130 1
4133 1
4134 1
4136 1
4140 1
4142 1
4145 1
4146 1
4147 1
4148 1
4149 1
4155 1
4156 1
4157 1
4162 1
4164 1
4166 1
4169 1
4172 1
4173 1
4178 1
4179 1
4184 1
4187 1
4188 1
4192 1
4193 1
4195 1
4196 0
4197 0
4198 0
4199 0
4200 0
4201 0
4202 0
4203 0
4204 0
4205 0
4206 0
4207 0
4208 0
4209 0
4210 0
4211 0
4212 0
4213 0
4214 0
4215 0
4216 0
4217 0
4218 0
4219 0
4220 0
4221 0
4222 0
4223 0
4224 0
4225 0
4226 0
4227 0
4228 0
4229 0
4230 0
4231 0
4232 0
4233 0
4234 0
4235 0
4236 0
4237 0
4238 0
4239 0
4240 0
4241 0
4242 0
4243 0
4244 0
4245 0
4246 0
4247 0
4248 0
4249 0
4250 0
4251 0
4252 0
4253 0
4254 0
4257 1
4258 1
4261 1
4262 1
4265 1
4266 1
4268 1
4269 1
4270 1
4271 1
4272 1
4273 1
4274 1
4275 1
4276 1
4277 1
4278 1
4280 1
4286 1
4288 1
4290 1
4295 1
4299 1
4302 1
4303 1
4304 1
4305 1
4310 1
4311 1
4312 1
4313 1
4315 1
4316 1
4317 1
4320 1
4324 1
4325 1
4327 1
4331 1
4332 1
4335 1
4340 1
4346 1
4348 1
4349 1
4350 1
4351 1
4352 1
4355 1
4357 1
4358 0
4359 1
4361 0
4362 1
4363 0
4364 0
4365 0
4366 0
4367 0
4368 0
4369 0
4370 0
4371 0
4372 0
4373 0
4374 0
4375 0
4376 0
4377 0
4378 0
4379 0
4380 0
4381 0
4382 0
4383 0
4384 0
4385 0
4386 0
4387 0
4388 0
4389 0
4390 0
4391 0
4392 0
4393 0
4394 0
4395 0
4396 0
4397 0
4398 0
4399 0
4401 1
4403 1
4405 1
4407 1
4409 1
4410 1
4412 1
4413 1
4414 1
4417 1
4418 1
4422 1
4425 1
4426 1
4427 1
4429 1
4434 1
4435 1
4438 1
4440 1
4441 1
4444 1
4445 1
4446 1
4449 1
4450 1
4451 1
4452 1
4453 1
4455 1
4459 1
4461 1
4462 1
4467 1
4468 1
4471 1
4472 1
4473 0
4474 0
4475 0
4476 1
4477 0
4478 1
4479 1
4480 0
4481 1
4482 1
4483 1
4484 0
4487 0
4489 0
4490 0
4491 0
4492 0
4493 1
4494 1
4495 1
4500 1
4502 1
4503 1
4504 1
4511 1
4512 1
4515 1
4516 1
4517 1
4519 1
4520 1
4521 1
4522 1
4523 1
4524 1
4526 1
4527 1
4529 1
4531 1
4534 1
4538 1
4539 1
4541 1
4542 1
4543 1
4544 0
4547 1
4548 1
4550 1
4551 1
4552 0
4556 0
4557 0
4558 1
4559 1
4560 1
4561 1
4563 1
4564 1
4565 1
4570 1
4574 1
4575 1
4578 1
4579 1
4580 0
4581 0
4582 0
4583 0
4584 0
4585 0
4586 0
4587 0
4588 0
4589 0
4591 0
4592 0
4593 0
4594 0
4595 0
4596 0
4597 0
4598 0
4599 0
4600 0
4601 0
4602 0
4603 0
4604 0
4605 0
4606 0
4607 0
4608 0
4609 0
4610 0
4611 0
4612 0
4613 0
4614 0
4615 0
4616 0
4617 0
4618 0
4619 0
4620 0
4621 0
4622 0
4623 0
4624 0
4625 0
4626 0
4627 0
4628 0
4629 0
4630 0
4631 0
4632 1
4633 0
4634 0
4635 0
4636 0
4637 0
4638 0
4639 0
4642 0
4643 0
4644 0
4645 1
4646 0
4647 1
4648 0
4649 0
4650 1
4651 1
4654 0
4655 1
4657 1
4658 1
4660 1
4661 1
4664 1
4665 1
4667 1
4668 1
4669 1
4672 1
4676 1
4678 1
4679 1
4680 1
4683 1
4684 1
4691 1
4699 1
4700 1
4706 1
4708 0
4709 1
4710 1
4713 1
4714 1
4715 1
4716 1
4718 1
4719 1
4721 0
4722 1
4728 1
4729 1
4730 1
4731 1
4732 1
4733 0
4734 0
4736 1
4739 1
4740 1
4741 1
4744 1
4745 1
4749 1
4750 1
4753 1
4755 1
4756 1
4757 1
4758 1
4759 1
4760 0
4761 0
4762 0
4763 0
4764 0
4765 0
4766 0
4767 0
4768 0
4769 0
4770 0
4771 0
4772 0
4773 0
4774 0
4775 0
4777 0
4778 0
4779 0
4780 0
4781 0
4782 0
4785 1
4788 1
4789 1
4792 1
4793 1
4795 1
4797 1
4802 1
4803 1
4804 1
4806 1
4808 1
4810 1
4811 1
4816 1
4818 1
4821 1
4824 0
4825 0
4826 0
4827 0
4828 0
4829 0
4830 0
4831 0
4832 0
4833 0
4834 0
4835 0
4836 0
4837 0
4838 0
4839 0
4840 0
4841 0
4842 0
4843 0
4844 0
4845 1
4846 1
4848 1
4853 1
4854 1
4855 1
4857 1
4859 1
4862 1
4864 1
4865 1
4868 1
4869 1
4870 1
4872 1
4873 1
4876 1
4879 1
4880 1
4881 1
4883 1
4887 1
4888 1
4891 1
4893 1
4895 1
4896 1
4902 1
4903 1
4904 1
4907 1
4908 1
4910 1
4912 1
4914 1
4916 1
4917 1
4920 1
4921 1
4922 0
4923 0
4924 0
4925 0
4926 0
4927 0
4928 0
4929 0
4930 0
4931 0
4932 0
4933 0
4934 0
4935 0
4936 0
4937 0
4938 0
4939 0
4940 0
4941 0
4942 0
4943 0
4944 0
4945 0
4946 0
4947 0
4948 0
4949 0
4950 0
4951 0
4952 0
4953 0
4954 0
4955 0
4956 0
4957 0
4958 0
4959 0
4960 0
4961 0
4963 0
4964 0
4965 0
4966 0
4967 0
4969 0
4970 1
4971 1
4972 0
4973 0
4974 0
4975 0
4976 0
4977 0
4978 0
4979 0
4980 0
4981 0
4982 0
4983 0
4984 0
4985 0
4986 0
4987 0
4988 0
4989 0
4990 0
4991 0
4992 0
4993 0
4994 0
4995 0
4996 0
4997 1
5001 1
5010 1
5011 1
5012 1
5013 1
5014 1
5015 0
5016 0
5017 0
5018 0
5019 0
5020 0
5021 0
5022 0
5023 0
5024 0
5025 0
5026 0
5027 0
5029 1
5030 0
5031 0
5033 1
5034 0
5035 0
5037 0
5038 0
5039 0
5041 0
5044 1
5046 1
5047 0
5051 0
5053 0
5055 1
5057 1
5058 1
5059 0
5061 1
5062 0
5063 1
5064 1
5065 1
5070 1
5072 1
5076 1
5078 0
5083 1
5084 0
5086 1
5087 0
5088 1
5090 0
5091 1
5097 1
5098 1
5099 1
5100 1
5101 1
5106 1
5111 1
5113 1
5114 1
5119 1
5121 1
5124 1
5128 1
5129 1
5133 1
5137 1
5138 1
5140 1
5141 1
5143 1
5145 1
5146 1
5148 1
5149 0
5150 1
5151 0
5152 0
5153 0
5155 1
5156 0
5157 0
5158 1
5161 1
5165 0
5166 1
5168 0
5169 1
5171 1
5173 1
5176 1
5182 1
5184 1
5186 1
5187 0
5188 0
5189 0
5190 0
5191 0
5192 0
5193 0
5194 0
5195 0
5196 0
5197 0
5198 0
5199 0
5200 0
5201 0
5203 0
5204 0
5205 1
5206 0
5207 0
5209 1
5211 1
5212 0
5213 0
5214 0
5215 0
5216 0
5217 0
5218 0
5219 0
5220 0
5221 0
5222 0
5223 0
5224 0
5225 0
5227 1
5228 0
5229 0
5230 0
5231 0
5232 0
5233 0
5234 0
5236 0
5239 0
5240 0
5241 0
5242 0
5243 1
5245 1
5246 1
5249 1
5252 1
5254 1
5255 1
5256 1
5258 1
5264 1
5265 1
5268 1
5270 1
5271 1
5273 1
5275 1
5276 1
5278 1
5279 0
5280 0
5281 0
5282 0
5283 0
5284 0
5285 0
5287 1
5288 0
5289 0
5290 0
5291 0
5292 0
5293 0
5294 0
5295 0
5296 1
5297 1
5300 1
5302 1
5304 1
5307 1
5309 1
5315 1
5317 1
5318 1
5319 1
5321 1
5323 1
5324 1
5326 1
5327 0
5328 0
5329 0
5330 0
5331 0
5332 0
5333 0
5334 0
5335 0
5336 1
5342 1
5345 1
5346 1
5352 1
5353 1
5355 1
5356 1
5357 1
5358 1
5361 1
5363 1
5365 1
5366 1
5367 1
5369 1
5370 0
5371 0
5372 0
5373 0
5374 0
5375 0
5376 0
5385 1
5392 1
5394 1
5395 0
5396 0
5397 1
5398 1
5400 1
5404 1
5405 1
5410 1
5411 1
5412 1
5413 1
5414 1
5417 1
5418 1
5419 1
5421 1
5422 1
5423 1
5424 1
5425 1
5426 1
5430 1
5431 0
5432 0
5433 0
5434 0
5436 0
5439 1
5440 1
5445 1
5452 1
5453 0
5454 1
5455 0
5456 1
5457 1
5459 1
5461 1
5462 0
5463 1
5464 1
5465 1
5470 1
5472 1
5473 1
5475 1
5476 1
5477 1
5478 1
5480 0
5481 0
5482 0
5483 1
5484 1
5487 1
5488 1
5489 1
5490 1
5495 1
5497 1
5498 0
5499 0
5500 0
5501 0
5502 0
5503 0
5504 0
5505 0
5506 0
5508 1
5510 1
5511 1
5512 1
5513 1
5516 1
5517 0
5518 0
5519 0
5520 0
5521 0
5522 0
5523 0
5524 0
5525 0
5526 0
5527 0
5528 0
5529 0
5530 0
5531 0
5532 0
5533 0
5534 0
5535 0
5536 0
5537 0
5538 0
5539 0
5540 0
5541 0
5542 0
5543 0
5544 0
5545 0
5546 0
5547 0
5548 0
5549 0
5550 0
5551 0
5552 0
5553 0
5554 0
5555 0
5556 0
5557 0
5558 0
5559 0
5560 0
5561 0
5566 1
5573 1
5574 1
5575 1
5576 1
5577 1
5578 1
5579 1
5580 1
5582 1
5586 0
5587 1
5589 1
5592 1
5595 1
5598 1
5601 1
5603 1
5606 1
5607 1
5609 1
5611 1
5613 1
5614 1
5615 1
5616 1
5620 1
5621 0
5623 0
5624 0
5626 0
5627 0
5628 1
5629 0
5631 0
5632 1
5634 1
5635 1
5636 1
5637 1
5640 1
5643 1
5645 1
5646 1
5647 1
5649 1
5650 0
5651 0
5652 0
5653 0
5654 0
5655 0
5656 0
5657 0
5658 0
5659 0
5660 0
5661 0
5662 0
5663 0
5664 0
5665 0
5666 0
5667 0
5668 1
5669 1
5673 1
5680 1
5681 1
5684 1
5685 1
5686 1
5687 1
5688 1
5690 1
5691 1
5693 1
5696 1
5697 1
5698 1
5699 1
5704 1
5705 1
5706 0
5707 0
5708 0
5709 0
5710 0
5711 1
5713 1
5714 1
5715 0
5716 0
5717 0
5718 0
5719 0
5720 0
5721 0
5722 0
5723 0
5724 0
5725 0
5726 1
5727 1
5730 1
5731 1
5732 1
5736 1
5737 1
5738 1
5740 1
5741 1
5742 1
5744 1
5745 1
5746 0
5747 0
5748 0
5749 0
5750 0
5751 0
5752 0
5753 0
5754 0
5755 0
5756 0
5757 0
5758 0
5759 0
5760 0
5761 0
5762 0
5763 0
5764 0
5765 0
5766 0
5767 0
5768 0
5769 0
5770 0
5771 0
5772 1
5774 1
5775 1
5778 1
5783 1
5784 0
5786 1
5789 1
5790 1
5791 1
5794 1
5795 1
5796 1
5797 1
5798 1
5800 1
5803 1
5811 1
5813 1
5817 1
5818 1
5819 1
5821 1
5822 1
5823 1
5826 1
5829 1
5831 1
5832 1
5834 1
5836 1
5837 1
5838 0
5839 1
5840 0
5841 0
5842 0
5843 0
5844 0
5845 0
5846 0
5847 0
5848 1
5850 0
5851 0
5852 0
5854 0
5857 0
5858 0
5859 0
5860 0
5861 0
5862 0
5863 0
5864 0
5865 0
5866 0
5867 0
5868 0
5869 0
5870 0
5871 0
5872 0
5873 0
5874 0
5875 0
5876 0
5877 0
5878 0
5879 0
5880 0
5881 0
5882 0
5883 0
5884 0
5885 0
5886 0
5887 0
5888 0
5889 0
5890 0
5891 0
5892 0
5893 0
5894 0
5895 0
5896 0
5897 0
5898 1
5900 1
5901 1
5903 0
5904 0
5905 0
5906 0
5907 0
5908 0
5909 0
5910 0
5911 0
5912 0
5914 0
5915 0
5917 1
5918 1
5920 1
5922 1
5923 0
5928 0
5929 0
5931 0
5933 1
5934 0
5935 0
5936 1
5938 0
5940 1
5941 0
5942 0
5943 0
5944 0
5949 1
5950 1
5953 1
5954 1
5955 1
5956 1
5960 1
5963 1
5968 1
5969 1
5970 1
5973 1
5975 1
5977 1
5980 1
5982 1
5984 1
5985 1
5987 0
5989 1
5991 1
5992 0
5993 0
5994 0
5995 0
5996 0
5997 0
5998 0
5999 0
6000 0
6001 0
6002 0
6003 0
6004 0
6005 0
6006 0
6007 0
6008 0
6009 0
6010 1
6012 1
6013 1
6017 1
6018 1
6019 1
6020 1
6023 1
6024 1
6025 1
6026 0
6028 1
6029 0
6030 0
6031 0
6032 0
6033 0
6035 0
6036 0
6037 0
6038 1
6039 0
6044 1
6045 1
6047 1
6048 1
6050 1
6051 1
6053 1
6054 1
6056 1
6057 1
6063 1
6065 1
6066 1
6068 0
6071 1
6072 1
6074 1
6076 1
6077 1
6080 1
6082 1
6084 1
6086 1
6087 1
6088 1
6090 1
6092 1
6095 1
6096 1
6098 1
6100 1
6102 1
6103 1
6104 1
6106 0
6108 1
6109 1
6110 1
6113 1
6116 1
6118 1
6121 1
6124 1
6129 1
6130 1
6132 1
6133 0
6135 0
6136 1
6142 1
6145 1
6147 1
6148 0
6149 0
6150 0
6151 0
6153 0
6154 0
6155 0
6156 0
6157 0
6158 0
6159 0
6161 0
6162 0
6163 0
6165 0
6166 0
6168 0
6169 0
6170 0
6172 1
6173 0
6174 0
6175 0
6176 0
6177 0
6178 0
6179 0
6180 0
6182 1
6185 1
6186 1
6187 1
6193 1
6197 1
6198 1
6200 1
6202 1
6203 1
6204 1
6208 1
6209 1
6210 1
6211 0
6212 0
6213 0
6214 0
6215 0
6216 0
6217 0
6218 0
6219 1
6223 1
6226 1
6227 1
6228 1
6229 0
6230 0
6231 0
6232 0
6233 0
6234 0
6235 0
6236 0
6237 0
6238 0
6239 0
6240 0
6241 0
6242 0
6243 0
6244 0
6245 0
6246 0
6247 0
6248 1
6249 1
6252 1
6253 0
6254 1
6255 1
6256 1
6257 0
6258 0
6259 0
6260 0
6261 0
6262 0
6263 0
6264 0
6265 0
6266 0
6267 0
6268 0
6269 0
6270 0
6271 0
6272 0
6273 0
6274 0
6275 0
6276 0
6277 0
6278 0
6279 0
6281 1
6282 0
6283 1
6284 1
6287 1
6290 1
6291 1
6292 1
6293 1
6295 1
6298 1
6299 1
6300 1
6301 1
6302 1
6303 1
6304 1
6305 1
6307 1
6309 1
6316 1
6318 1
6320 1
6327 1
6329 1
6334 1
6335 1
6337 1
6339 1
6341 1
6344 1
6345 1
6350 1
6354 1
6356 1
6357 1
6360 1
6361 1
6363 1
6364 0
6365 0
6366 0
6367 0
6368 0
6369 0
6370 0
6371 0
6372 0
6373 0
6374 1
6375 1
6376 1
6378 1
6379 0
6380 1
6383 1
6384 1
6388 1
6389 1
6394 1
6395 1
6396 1
6397 0
6398 0
6399 0
6400 0
6401 0
6402 0
6403 0
6404 0
6405 0
6406 0
6407 0
6408 0
6409 0
6410 0
6411 0
6412 0
6413 0
6414 0
6415 1
6417 1
6418 1
6420 1
6423 1
6424 1
6428 1
6429 1
6431 1
6437 1
6443 1
6444 1
6445 1
6447 1
6450 1
6452 1
6455 1
6456 0
6457 0
6458 0
6459 0
6460 0
6461 0
6462 0
6463 0
6464 0
6465 0
6467 0
6468 1
6469 0
6470 0
6471 0
6472 0
6473 0
6474 0
6475 0
6476 0
6477 0
6478 0
6479 0
6480 0
6481 0
6482 0
6483 0
6484 0
6485 0
6486 0
6487 0
6488 0
6489 0
6490 0
6491 0
6492 0
6493 0
6494 0
6495 0
6496 0
6497 0
6498 0
6499 0
6500 1
6501 1
6506 1
6507 0
6508 0
6509 0
6510 0
6511 0
6512 0
6513 0
6514 0
6515 0
6516 0
6517 0
6518 0
6519 0
6520 1
6521 0
6522 0
6523 0
6524 1
6525 1
6526 1
6528 1
6530 1
6531 1
6533 0
6534 0
6535 0
6536 0
6537 0
6538 0
6539 0
6540 0
6541 0
6542 0
6543 0
6544 0
6545 0
6546 0
6547 0
6549 0
6550 0
6551 0
6552 0
6553 0
6554 0
6555 0
6556 0
6557 0
6558 0
6560 1
6564 1
6565 1
6568 1
6571 1
6572 0
6573 0
6574 0
6575 0
6576 0
6577 1
6578 0
6579 0
6580 0
6581 0
6582 0
6583 0
6584 0
6587 1
6589 1
6592 1
6593 1
6594 1
6595 1
6599 1
6600 1
6601 1
6602 1
6605 1
6606 1
6610 1
6612 1
6613 1
6615 1
6617 1
6618 1
6619 1
6622 1
6626 1
6628 1
6630 1
6633 1
6634 0
6635 0
6636 0
6637 0
6638 1
6639 1
6642 1
6643 1
6644 1
6647 1
6648 1
6657 1
6659 1
6662 1
6663 0
6664 0
6667 1
6670 1
6673 1
6677 1
6681 1
6682 1
6683 1
6684 0
6685 0
6686 0
6687 0
6688 0
6689 0
6690 0
6691 0
6692 0
6693 0
6694 0
6695 0
6696 0
6697 0
6700 1
6701 1
6703 1
6704 1
6705 1
6707 1
6708 1
6709 1
6717 1
6718 1
6719 1
6720 1
6723 0
6726 1
6727 0
6728 0
6729 0
6730 0
6731 0
6732 0
6733 0
6734 0
6735 0
6736 0
6737 0
6738 0
6739 0
6740 0
6741 0
6742 0
6743 0
6744 0
6745 0
6746 0
6747 0
6748 0
6749 0
6750 0
6751 0
6752 0
6753 0
6754 0
6755 0
6756 0
6757 0
6758 0
6759 0
6760 0
6761 0
6762 1
6764 1
6765 1
6766 1
6769 1
6770 1
6777 1
6778 1
6780 1
6786 1
6788 1
6789 1
6792 1
6793 1
6794 0
6795 0
6796 0
6797 0
6798 0
6799 1
6804 1
6805 1
6806 1
6809 1
6810 1
6811 1
6812 1
6814 1
6815 1
6816 1
6817 1
6819 1
6820 1
6823 1
6826 1
6827 0
6828 0
6829 0
6830 0
6831 0
6832 0
6833 0
6834 0
6835 0
6836 0
6837 0
6838 0
6839 0
6840 1
6841 1
6843 1
6845 1
6846 0
6847 0
6848 0
6849 0
6850 0
6851 0
6852 0
6853 0
6854 1
6860 1
6862 1
6863 1
6869 1
6872 1
6873 1
6874 1
6876 1
6878 1
6879 1
6880 1
6881 1
6882 1
6883 1
6887 1
6888 1
6889 1
6890 1
6892 1
6895 1
6896 1
6897 1
6898 1
6899 1
6902 1
6904 1
6908 1
6909 1
6911 1
6916 1
6920 1
6923 1
6924 1
6925 1
6927 1
6930 1
6932 0
6934 1
6935 1
6940 1
6941 1
6943 1
6944 1
6945 1
6946 1
6947 0
6948 0
6949 0
6950 0
6951 0
6952 0
6953 0
6955 0
6956 0
6957 0
6958 0
6959 0
6960 0
6961 0
6962 0
6963 0
6964 0
6965 1
6967 1
6971 0
6974 1
6975 0
6977 1
6978 1
6980 1
6981 1
6987 1
6989 1
6991 1
6995 1
6997 1
6998 1
6999 0
7000 0
7001 0
7002 0
7003 0
7004 0
7005 0
7006 0
7007 0
7008 0
7009 0
7010 0
7011 0
7012 0
7013 0
7014 0
7015 0
7016 0
7017 0
7018 0
7019 0
7020 0
7021 0
7022 0
7023 0
7024 0
7025 0
7026 0
7027 0
7028 0
7029 0
7030 0
7031 0
7032 0
7033 0
7034 0
7035 0
7036 0
7037 0
7038 0
7041 1
7043 1
7045 1
7046 0
7047 0
7048 0
7049 0
7050 0
7051 1
7053 1
7054 1
7056 1
7057 1
7059 0
7060 0
7061 0
7062 0
7063 0
7064 0
7065 0
7066 0
7067 0
7068 0
7069 0
7070 0
7071 0
7072 0
7073 0
7074 0
7075 0
7076 0
7077 0
7078 0
7079 0
7080 0
7081 0
7082 0
7083 0
7084 0
7085 1
7087 1
7088 1
7089 1
7090 1
7094 1
7097 1
7098 1
7099 1
7100 1
7101 1
7104 1
7105 1
7106 1
7110 1
7111 1
7112 0
7113 0
7114 0
7115 0
7116 0
7117 0
7118 0
7119 0
7120 0
7121 0
7122 0
7124 0
7125 0
7126 0
7127 0
7128 0
7129 0
7130 0
7131 0
7132 0
7133 0
7134 0
7135 0
7136 0
7137 0
7141 1
7142 0
7143 0
7144 0
7145 0
7146 0
7147 0
7148 0
7149 0
7150 0
7151 0
7152 0
7156 1
7158 1
7163 1
7164 0
7165 0
7166 0
7167 0
7169 1
7170 1
7171 0
7172 0
7173 1
7174 1
7181 1
7185 1
7186 1
7188 1
7190 1
7193 1
7195 1
7196 1
7197 1
7198 1
7199 1
7200 1
7201 1
7202 1
7203 0
7204 0
7205 1
7207 0
7208 1
7209 1
7213 1
7218 1
7219 1
7222 1
7223 0
7226 1
7227 1
7228 1
7232 1
7233 1
7237 1
7238 1
7239 1
7248 1
7249 1
7250 1
7252 1
7255 1
7256 1
7259 1
7260 1
7261 0
7262 0
7263 0
7264 0
7265 0
7266 1
7267 0
7268 0
7269 0
7271 0
7272 0
7273 0
7274 0
7275 0
7276 0
7277 1
7278 0
7279 0
7280 1
7281 0
7282 0
7283 0
7285 0
7289 1
7290 1
7295 1
7299 1
7300 1
7301 1
7304 1
7305 1
7306 1
7310 1
7312 1
7313 1
7316 1
7317 0
7318 0
7319 0
7320 0
7321 1
7323 1
7325 1
7326 0
7327 1
7329 1
7330 1
7332 0
7333 1
7335 1
7339 1
7340 1
7344 1
7345 1
7346 1
7349 1
7351 1
7352 0
7355 1
7359 1
7363 1
7365 1
7366 1
7368 1
7372 0
7374 0
7375 1
7381 0
7383 1
7384 1
7385 1
7388 1
7389 1
7390 1
7391 1
7393 1
7394 1
7395 1
7399 1
7400 0
7401 0
7402 0
7403 1
7404 1
7407 1
7412 1
7413 1
7415 1
7418 1
7422 1
7423 1
7424 1
7425 1
7427 1
7429 0
7431 1
7432 1
7433 1
7434 1
7437 1
7439 1
7441 1
7444 1
7445 1
7446 1
7447 1
7448 1
7449 1
7453 1
7454 1
7456 0
7458 1
7459 1
7460 1
7461 1
7462 0
7463 0
7464 0
7466 0
7467 0
7468 0
7469 0
7471 0
7473 0
7474 0
7475 1
7477 0
7478 1
7479 0
7480 1
7481 0
7482 1
7483 1
7484 0
7485 0
7486 0
7487 0
7488 0
7489 0
7490 0
7491 0
7492 0
7493 0
7494 0
7495 0
7496 0
7497 0
7498 0
7499 0
7500 0
7501 0
7502 0
7503 0
7504 0
7505 0
7506 0
7507 0
7509 1
7511 1
7512 1
7513 1
7514 0
7516 1
7517 1
7520 1
7521 1
7522 1
7524 1
7526 1
7530 1
7531 0
7532 1
7538 1
7540 1
7541 1
7543 1
7544 1
7545 1
7546 1
7555 1
7556 0
7557 0
7558 0
7559 0
7560 0
7561 0
7562 0
7563 0
7564 0
7565 0
7566 0
7567 1
7568 1
7570 1
7572 1
7574 1
7575 1
7577 1
7578 1
7579 1
7580 1
7581 0
7582 0
7583 0
7584 0
7585 0
7586 0
7589 1
7590 1
7592 0
7593 0
7596 0
7597 0
7598 0
7599 0
7600 0
7601 0
7602 0
7603 0
7604 0
7605 0
7606 0
7607 1
7610 1
7611 1
7612 1
7613 1
7614 1
7617 1
7626 1
7627 1
7628 1
7632 1
7633 1
7634 1
7635 1
7637 1
7638 0
7639 0
7640 0
7641 0
7642 0
7643 0
7644 1
7646 1
7647 1
7649 1
7650 1
7651 1
7653 1
7654 1
7657 0
7658 1
7661 1
7663 1
7668 1
7671 1
7672 1
7674 1
7675 1
7677 1
7678 1
7680 1
7685 1
7686 1
7688 1
7695 1
7696 1
7699 1
7701 1
7702 0
7703 0
7704 0
7705 0
7706 0
7707 0
7708 0
7709 0
7710 0
7711 0
7712 0
7713 0
7714 0
7715 0
7717 1
7718 1
7719 1
7720 1
7721 1
7722 1
7724 1
7725 1
7726 1
7729 1
7730 1
7735 1
7737 1
7738 0
7739 1
7741 1
7742 0
7743 0
7744 0
7745 0
7746 1
7747 1
7749 1
7751 1
7752 1
7753 1
7754 1
7756 1
7758 1
7764 1
7765 1
7767 1
7769 1
7772 1
7774 1
7777 1
7780 1
7781 1
7783 1
7784 1
7786 1
7788 1
7790 1
7791 1
7792 1
7793 1
7795 1
7796 1
7797 0
7798 0
7799 0
7800 0
7801 0
7802 0
7803 0
7804 0
7805 0
7806 0
7807 0
7808 0
7810 0
7811 0
7812 0
7813 0
7814 0
7815 0
7816 0
7817 0
7818 0
7819 0
7820 0
7821 0
7822 0
7823 0
7824 1
7825 1
7828 1
7829 1
7833 1
7838 1
7840 1
7841 1
7842 0
7843 0
7844 0
7845 0
7846 0
7847 0
7848 0
7849 0
7850 0
7851 0
7852 0
7853 0
7854 0
7855 0
7857 1
7858 1
7859 1
7860 1
7866 1
7867 1
7870 0
7871 0
7872 0
7873 0
7874 0
7875 0
7877 1
7878 1
7879 1
7883 1
7886 1
7887 1
7888 1
7889 1
7891 1
7892 1
7893 1
7894 1
7895 1
7896 1
7897 1
7899 1
7903 1
7905 1
7906 1
7907 1
7909 1
7918 1
7919 1
7920 1
7921 1
7923 1
7925 1
7926 1
7927 1
7930 1
7931 1
7933 1
7937 1
7938 1
7947 1
7948 1
7950 1
7952 1
7953 1
7954 1
7955 1
7958 1
7960 1
7961 1
7962 0
7963 0
7964 0
7965 0
7966 1
7968 1
7969 1
7971 1
7972 1
7979 1
7980 1
7982 1
7983 0
7989 1
7990 1
7992 1
7994 1
7995 1
7997 1
7998 1
8000 1
8001 1
8002 1
8003 1
8004 1
8005 1
8006 1
8007 1
8010 1
8013 1
8014 1
8016 1
8017 1
8021 1
8029 1
8030 0
8031 0
8032 0
8033 0
8034 0
8035 0
8036 0
8037 0
8038 0
8039 0
8040 0
8041 0
8042 0
8043 0
8044 0
8045 0
8046 0
8047 0
8048 0
8049 0
8050 0
8051 0
8052 0
8053 0
8054 0
8055 0
8056 0
8057 0
8058 0
8059 0
8060 0
8061 0
8062 0
8063 0
8064 1
8065 0
8066 1
8068 1
8069 1
8070 1
8072 1
8073 1
8074 1
8075 0
8076 0
8077 0
8078 0
8079 0
8080 0
8081 0
8082 0
8083 0
8084 0
8085 0
8086 1
8091 1
8094 1
8097 1
8102 1
8104 1
8106 1
8107 1
8108 1
8109 0
8110 0
8111 0
8112 0
8113 0
8114 0
8115 0
8116 0
8117 0
8118 0
8119 1
8120 1
8122 1
8123 1
8124 0
8125 0
8128 1
8129 1
8130 1
8135 1
8137 1
8139 1
8140 1
8142 1
8143 1
8144 1
8145 1
8147 1
8148 1
8149 1
8151 1
8152 1
8153 1
8154 1
8158 1
8159 1
8160 1
8162 0
8163 0
8167 1
8168 1
8170 1
8171 1
8173 1
8177 1
8179 1
8182 1
8185 1
8188 0
8189 0
8193 1
8197 1
8198 1
8199 0
8200 0
8201 0
8202 0
8203 0
8206 1
8207 1
8208 1
8209 1
8210 0
8211 0
8212 0
8213 0
8214 0
8215 0
8216 0
8218 1
8219 1
8220 1
8221 1
8222 1
8223 1
8224 0
8225 0
8226 1
8227 1
8228 1
8231 1
8232 0
8233 1
8234 1
8237 1
8238 1
8242 1
8243 1
8244 0
8245 0
8246 0
8247 0
8248 0
8249 0
8250 1
8255 1
8259 1
8260 1
8263 1
8265 1
8267 1
8269 1
8270 1
8272 1
8273 0
8275 1
8276 1
8278 1
8283 1
8286 1
8287 1
8289 1
8290 1
8293 1
8296 1
8297 1
8301 1
8302 0
8303 0
8304 0
8305 0
8306 0
8307 1
8312 1
8313 1
8315 0
8316 0
8317 0
8320 1
8321 1
8322 0
8323 1
8324 1
8325 1
8327 1
8330 1
8331 1
8332 0
8333 0
8334 0
8335 0
8336 0
8337 0
8338 0
8339 0
8340 0
8341 0
8342 0
8343 0
8344 0
8345 0
8346 0
8347 0
8348 0
8349 0
8350 0
8351 0
8353 0
8355 0
8356 0
8357 0
8358 0
8359 0
8360 0
8361 0
8362 0
8363 0
8364 0
8365 0
8366 0
8367 0
8368 0
8369 0
8370 0
8371 0
8372 0
8373 0
8374 0
8376 0
8377 0
8378 1
8379 1
8380 1
8389 1
8390 0
8391 0
8392 0
8393 0
8394 0
8395 0
8396 0
8397 0
8398 0
8399 0
8400 0
8401 0
8402 0
8403 0
8404 0
8406 1
8408 1
8410 1
8411 0
8412 0
8413 0
8414 0
8415 0
8416 0
8417 0
8418 0
8419 0
8420 0
8421 0
8423 0
8424 0
8425 0
8426 0
8427 0
8428 0
8429 0
8430 0
8431 0
8432 0
8433 0
8434 0
8439 1
8440 1
8441 1
8442 1
8445 1
8449 1
8450 1
8451 1
8453 1
8454 0
8455 1
8456 1
8459 1
8461 1
8465 1
8466 0
8467 0
8468 0
8469 0
8470 0
8471 0
8472 1
8473 0
8474 1
8477 1
8479 1
8481 1
8482 1
8483 1
8485 1
8486 1
8487 1
8490 1
8491 1
8492 1
8495 1
8496 1
8497 1
8498 1
8501 1
8502 1
8505 1
8507 1
8511 1
8512 1
8513 1
8518 1
8520 1
8528 1
8530 1
8540 1
8542 1
8544 1
8545 1
8546 1
8548 1
8549 1
8550 1
8551 1
8553 1
8554 1
8555 1
8557 1
8559 1
8560 1
8568 1
8569 1
8572 1
8573 1
8574 1
8575 0
8576 0
8577 0
8578 0
8579 0
8580 0
8581 0
8582 0
8586 1
8587 0
8588 0
8589 0
8590 0
8591 0
8592 0
8593 0
8594 0
8595 0
8596 0
8609 1
8610 1
8612 1
8616 1
8619 1
8620 1
8623 1
8631 1
8634 1
8637 1
8638 1
8639 0
8640 0
8641 0
8642 0
8643 0
8644 0
8645 0
8646 0
8647 0
8648 0
8649 0
8650 0
8651 0
8652 1
8653 1
8656 1
8657 1
8658 0
8659 0
8660 0
8661 0
8662 1
8663 1
8666 1
8671 1
8675 1
8676 1
8681 1
8682 0
8683 0
8684 0
8685 0
8686 0
8687 0
8688 0
8689 0
8690 0
8691 0
8692 0
8693 0
8694 0
8695 0
8696 0
8697 0
8698 1
8699 1
8700 1
8701 0
8702 0
8703 0
8705 1
8706 1
8707 1
8708 1
8709 0
8711 1
8712 1
8718 1
8722 1
8723 1
8726 1
8728 1
8737 1
8740 1
8742 1
8743 1
8746 1
8748 1
8755 1
8757 1
8759 1
8760 1
8762 1
8763 1
8765 1
8769 1
8770 1
8771 1
8780 1
8781 1
8786 1
8788 1
8789 1
8790 1
8791 0
8792 0
8793 0
8794 0
8795 0
8796 0
8797 0
8798 0
8799 0
8800 0
8801 0
8802 0
8803 0
8804 0
8805 0
8806 0
8807 0
8808 0
8809 0
8810 0
8811 0
8812 0
8813 1
8814 0
8815 0
8816 0
8817 0
8818 1
8819 1
8821 1
8822 1
8823 1
8829 1
8830 1
8832 1
8833 1
8834 1
8836 1
8838 1
8839 1
8840 1
8842 1
8845 1
8847 1
8848 1
8850 1
8851 1
8853 1
8854 1
8857 1
8861 1
8864 1
8865 1
8867 1
8869 1
8870 1
8871 1
8873 1
8875 1
8879 1
8880 1
8883 1
8884 1
8887 1
8890 1
8893 1
8894 1
8895 1
8896 0
8897 0
8898 0
8899 0
8900 0
8901 0
8902 0
8903 0
8904 0
8905 0
8906 0
8907 0
8908 0
8909 0
8910 0
8911 0
8914 1
8916 1
8917 1
8918 1
8920 1
8921 1
8923 1
8925 1
8928 1
8929 1
8931 1
8932 1
8933 1
8934 1
8936 1
8937 1
8939 1
8940 1
8941 1
8942 0
8943 0
8944 0
8945 0
8946 0
8947 0
8948 0
8949 0
8950 0
8951 0
8952 1
8956 1
8959 1
8960 1
8961 1
8963 1
8964 1
8965 1
8970 1
8972 1
8973 1
8974 1
8975 1
8978 1
8979 1
8981 1
8982 1
8983 1
8984 1
8985 1
8986 1
8991 1
8992 1
8995 1
8996 1
8997 1
8998 1
9000 1
9002 1
9003 1
9006 1
9007 1
9008 1
9013 1
9019 1
9022 1
9024 1
9025 0
9027 1
9028 1
9030 1
9033 1
9034 1
9035 1
9036 1
9037 0
9038 1
9039 0
9040 0
9041 0
9042 0
9043 0
9044 0
9045 0
9046 0
9048 0
9049 1
9052 1
9056 1
9057 1
9059 1
9060 1
9061 1
9062 1
9063 1
9067 1
9068 1
9070 1
9074 0
9075 0
9076 1
9077 0
9078 0
9079 0
9080 0
9081 0
9085 1
9087 1
9089 1
9090 1
9092 0
9093 0
9094 0
9095 0
9096 0
9097 0
9098 0
9099 1
9100 0
9101 0
9102 1
9103 1
9104 1
9107 1
9111 1
9113 1
9114 1
9115 1
9116 1
9118 1
9121 1
9124 1
9133 1
9134 1
9136 1
9141 1
9142 1
9143 1
9145 1
9146 1
9148 1
9152 1
9154 1
9158 1
9163 1
9165 1
9168 1
9173 1
9176 1
9177 1
9179 1
9183 1
9189 1
9190 1
9192 1
9193 1
9195 1
9196 1
9198 0
9199 0
9200 0
9201 0
9202 0
9205 1
9206 1
9208 1
9210 1
9211 1
9215 1
9216 1
9217 1
9220 1
9221 1
9222 1
9226 1
9227 1
9229 0
9231 1
9232 0
9233 0
9234 0
9235 0
9236 0
9237 1
9238 0
9239 0
9240 0
9241 0
9242 0
9243 0
9244 0
9246 1
9247 0
9248 0
9249 0
9250 0
9251 0
9252 0
9253 0
9254 0
9255 0
9256 0
9257 0
9258 0
9259 1
9260 1
9262 1
9265 1
9266 1
9269 1
9271 0
9272 1
9273 1
9274 1
9275 0
9276 0
9277 0
9280 1
9281 0
9283 1
9285 1
9286 0
9287 0
9288 0
9289 0
9290 0
9291 0
9292 0
9293 0
9294 0
9295 0
9296 0
9297 0
9298 0
9299 0
9300 0
9301 0
9302 0
9303 0
9304 0
9305 0
9306 0
9307 0
9308 0
9309 1
9310 0
9312 0
9313 0
9314 0
9315 0
9316 0
9317 0
9318 0
9319 0
9320 0
9321 0
9323 0
9324 0
9325 0
9326 0
9327 0
9328 0
9329 0
9331 1
9334 1
9337 1
9338 1
9339 0
9340 0
9341 0
9342 0
9343 0
9344 0
9345 0
9346 0
9347 0
9348 0
9349 0
9350 0
9351 0
9352 0
9353 0
9354 0
9355 0
9356 0
9358 1
9359 1
9360 0
9361 1
9364 1
9365 1
9366 1
9371 1
9372 0
9373 0
9374 0
9375 0
9376 0
9377 0
9378 0
9380 0
9381 0
9382 0
9383 0
9384 1
9385 0
9386 1
9389 1
9391 1
9395 1
9396 1
9398 1
9402 1
9404 0
9405 0
9406 1
9407 0
9410 1
9413 1
9417 1
9418 1
9419 1
9426 1
9427 1
9430 1
9431 1
9433 1
9434 1
9438 1
9440 1
9444 1
9445 1
9446 0
9447 0
9448 1
9454 0
9455 0
9456 0
9457 1
9460 1
9461 1
9464 1
9466 0
9469 1
9471 1
9472 1
9475 1
9478 1
9484 1
9487 1
9489 1
9491 1
9493 1
9494 1
9498 1
9499 1
9500 1
9503 1
9504 0
9505 1
9511 1
9514 1
9515 1
9518 1
9519 1
9520 1
9521 0
9522 1
9523 1
9524 1
9528 1
9530 1
9531 1
9533 1
9534 1
9535 1
9537 1
9538 1
9539 0
9540 0
9541 0
9542 0
9543 0
9544 0
9545 0
9546 0
9547 0
9548 0
9549 0
9550 0
9551 0
9552 0
9553 0
9554 0
9555 0
9556 0
9557 0
9558 0
9559 0
9560 0
9561 0
9562 0
9563 0
9564 0
9565 0
9566 1
9567 1
9568 1
9571 1
9574 1
9578 1
9579 0
9580 0
9581 0
9582 0
9583 0
9585 0
9586 0
9587 0
9588 0
9589 0
9590 0
9591 0
9592 0
9593 0
9594 0
9595 0
9596 0
9597 0
9598 1
9600 1
9606 1
9607 1
9608 1
9609 1
9611 1
9613 1
9614 0
9615 0
9616 0
9617 0
9619 0
9620 0
9621 0
9622 0
9623 1
9624 0
9625 0
9626 0
9627 0
9628 0
9630 1
9631 1
9633 1
9637 1
9638 0
9640 0
9643 1
9644 1
9645 1
9646 1
9648 1
9649 0
9651 0
9652 0
9653 1
9654 0
9655 0
9656 0
9657 0
9658 1
9659 0
9660 0
9661 0
9662 0
9663 0
9664 0
9665 0
9666 0
9667 1
9668 1
9669 1
9670 0
9671 1
9672 1
9673 1
9676 1
9677 1
9678 1
9679 0
9680 0
9681 0
9682 0
9683 0
9684 0
9685 0
9686 0
9687 0
9688 0
9689 0
9690 0
9691 0
9692 0
9693 0
9696 1
9705 1
9709 1
9711 1
9712 1
9716 1
9719 1
9720 0
9721 0
9722 0
9723 0
9724 0
9725 0
9726 1
9727 0
9728 0
9730 1
9731 0
9732 1
9733 0
9734 1
9735 1
9738 1
9741 1
9743 1
9744 1
9745 1
9747 1
9752 1
9755 1
9756 1
9758 1
9759 1
9765 1
9767 0
9771 1
9775 0
9776 1
9777 0
9778 0
9779 0
9780 0
9781 0
9782 0
9784 1
9786 1
9787 1
9788 1
9789 0
9790 0
9792 0
9793 0
9794 1
9796 1
9799 1
9800 0
9803 1
9804 1
9807 1
9819 1
9820 1
9821 1
9822 1
9823 1
9824 0
9825 0
9826 0
9829 1
9830 1
9831 1
9832 1
9833 1
9834 1
9837 1
9838 1
9839 0
9840 0
9841 0
9842 0
9843 0
9844 1
9845 0
9846 0
9847 1
9848 0
9849 0
9850 0
9851 0
9852 0
9853 0
9854 0
9855 0
9856 0
9857 0
9858 0
9859 0
9860 0
9861 0
9862 0
9863 0
9864 1
9865 0
9866 0
9867 0
9868 0
9870 1
9871 1
9874 1
9876 1
9878 1
9879 1
9881 1
9884 1
9890 1
9892 1
9893 1
9894 1
9895 1
9896 1
9898 1
9900 1
9901 1
9902 1
9903 1
9904 1
9905 0
9906 0
9907 0
9908 0
9909 0
9910 0
9911 0
9912 0
9913 0
9914 0
9915 0
9916 0
9917 0
9918 0
9919 0
9920 0
9921 0
9922 0
9923 0
9924 0
9925 0
9926 0
9927 0
9930 1
9931 1
9932 1
9934 1
9936 1
9937 1
9939 1
9941 0
9942 1
9943 0
9944 1
9945 0
9946 0
9947 0
9948 0
9949 0
9950 0
9951 1
9954 1
9955 1
9958 1
9959 1
9960 0
9961 0
9962 0
9963 0
9964 0
9965 0
9966 0
9967 0
9968 0
9969 0
9970 0
9971 0
9972 0
9973 0
9974 0
9975 0
9976 0
9977 0
9978 0
9984 0
9985 0
9986 0
9987 0
9988 0
9989 0
9990 0
9991 0
9992 0
9993 0
9994 0
9995 0
9996 0
9997 0
9998 0
9999 0
10000 0
10001 0
10002 0
10003 0
10004 0
10005 0
10006 0
10008 0
10010 1
10011 0
10012 0
10014 1
10017 1
10019 1
10020 1
10023 1
10029 1
10031 0
10032 0
10033 0
10034 0
10035 1
10036 1
10037 0
10038 0
10039 0
10040 1
10046 1
10047 1
10049 1
10050 0
10051 1
10052 0
10053 1
10054 1
10055 1
10056 1
10057 0
10058 1
10059 1
10062 1
10065 1
10066 1
10067 0
10068 0
10069 0
10070 0
10071 0
10072 0
10073 0
10074 0
10075 0
10076 0
10077 0
10078 0
10079 0
10080 0
10081 0
10082 0
10083 0
10084 0
10085 0
10086 0
10087 0
10089 1
10090 1
10093 1
10094 1
10095 0
10096 0
10097 0
10098 0
10099 0
10100 0
10101 0
10103 0
10104 0
10105 0
10106 0
10107 0
10108 0
10109 0
10110 0
10111 0
10112 0
10113 0
10114 0
10115 0
10116 0
10117 0
10118 0
10119 1
10120 1
10121 1
10122 0
10123 0
10124 0
10125 0
10126 0
10127 0
10128 0
10129 0
10130 0
10131 0
10132 0
10133 0
10134 0
10139 1
10140 1
10142 1
10143 1
10144 1
10147 1
10153 1
10158 1
10161 1
10162 1
10164 1
10166 1
10168 1
10169 1
10172 1
10174 1
10176 1
10177 1
10178 1
10179 1
10182 1
10183 1
10188 1
10189 1
10191 1
10195 1
10198 1
10202 1
10203 1
10208 1
10209 1
10211 1
10213 1
10214 1
10215 1
10217 1
10218 1
10220 1
10222 1
10223 1
10224 1
10225 1
10226 1
10227 0
10228 1
10229 0
10232 1
10233 1
10234 1
10236 0
10237 1
10238 1
10241 1
10242 1
10243 1
10244 1
10247 1
10248 1
10249 1
10250 1
10251 0
10256 1
10258 1
10259 1
10260 1
10261 1
10264 1
10267 1
10269 1
10270 1
10271 1
10272 1
10275 1
10277 0
10279 1
10280 1
10284 1
10285 1
10287 0
10288 1
10294 1
10295 1
10297 1
10298 1
10299 1
10301 1
10302 1
10306 0
10308 1
10309 1
10311 1
10313 0
10314 0
10315 0
10316 0
10317 0
10318 0
10319 0
10324 1
10325 1
10326 1
10327 1
10328 1
10331 1
10332 1
10335 1
10336 1
10337 1
10338 1
10339 1
10343 1
10344 1
10349 1
10354 1
10355 1
10356 1
10357 1
10359 1
10360 1
10361 1
10362 1
10363 1
10365 1
10366 1
10368 1
10369 1
10373 1
10382 1
10383 1
10384 1
10388 1
10392 0
10393 0
10394 0
10395 0
10396 0
10397 0
10398 0
10399 0
10400 0
10401 0
10402 0
10403 0
10404 0
10405 0
10406 0
10407 0
10408 0
10409 0
10410 0
10411 1
10413 1
10415 1
10417 1
10418 1
10419 0
10420 0
10422 1
10423 1
10424 1
10426 1
10427 1
10430 1
10433 1
10438 1
10439 1
10440 1
10443 1
10444 1
10445 1
10455 1
10456 1
10457 1
10463 1
10464 1
10468 1
10472 1
10473 1
10479 1
10480 1
10481 0
10482 0
10483 0
10484 0
10485 0
10486 0
10487 0
10488 0
10489 1
10494 1
10497 1
10500 1
10501 1
10502 1
10505 1
10506 1
10508 1
10509 1
10510 1
10513 1
10514 1
10515 0
10516 0
10517 0
10518 0
10519 0
10520 0
10521 0
10522 0
10523 0
10524 0
10525 0
10526 0
10527 0
10528 0
10529 0
10530 0
10531 0
10532 0
10533 0
10534 0
10535 0
10536 0
10537 0
10538 0
10539 0
10540 0
10541 0
10542 0
10543 0
10544 0
10545 0
10546 0
10547 0
10548 0
10549 0
10550 0
10551 0
10552 0
10553 0
10554 0
10555 0
10556 0
10557 0
10558 0
10559 0
10560 0
10561 0
10562 0
10563 0
10564 0
10565 0
10567 1
10568 1
10569 1
10570 1
10571 1
10575 1
10576 1
10578 1
10579 1
10580 1
10584 1
10585 1
10586 0
10587 0
10588 0
10589 0
10590 0
10591 0
10592 0
10593 0
10594 0
10595 0
10596 1
10597 0
10598 0
10599 0
10600 1
10601 0
10603 0
10604 0
10605 0
10606 0
10607 0
10608 0
10609 0
10611 0
10612 0
10613 0
10614 0
10615 0
10616 0
10617 0
10618 0
10619 0
10620 0
10621 0
10622 1
10626 0
10627 0
10628 0
10629 0
10630 0
10631 0
10632 0
10633 0
10635 0
10636 1
10637 1
10640 1
10641 1
10642 1
10646 0
10647 1
10648 0
10649 0
10650 1
10653 1
10654 1
10655 1
10657 0
10659 1
10664 1
10667 1
10669 1
10671 1
10672 0
10673 0
10674 1
10675 1
10676 1
10677 0
10678 1
10680 1
10687 1
10688 1
10690 1
10692 1
10697 1
10701 1
10703 1
10704 1
10705 1
10708 1
10709 1
10710 1
10711 1
10712 1
10714 0
10715 0
10716 0
10717 0
10718 0
10719 0
10720 0
10721 0
10722 0
10723 0
10724 0
10725 0
10726 0
10727 0
10728 0
10729 0
10730 0
10731 0
10732 0
10733 0
10734 0
10737 1
10740 1
10741 1
10742 1
10743 0
10745 1
10748 1
10749 0
10750 1
10751 1
10752 0
10753 0
10754 0
10755 0
10756 0
10757 0
10758 0
10759 0
10760 0
10761 0
10762 0
10763 0
10764 0
10766 1
10767 1
10769 1
10772 1
10773 0
10774 0
10775 0
10777 0
10780 0
10781 0
10782 0
10783 1
10785 1
10786 1
10787 1
10788 1
10790 0
10791 0
10792 1
10793 1
10798 0
10800 0
10801 1
10804 0
10805 0
10806 0
10807 0
10808 0
10809 0
10810 0
10811 0
10812 0
10813 0
10814 0
10815 0
10816 0
10817 1
10819 1
10821 1
10823 1
10826 1
10828 1
10830 1
10833 1
10835 1
10837 1
10838 1
10839 1
10840 1
10841 0
10842 0
10843 0
10844 1
10845 0
10846 0
10847 0
10848 0
10849 0
10850 0
10851 1
10852 1
10853 1
10854 0
10855 0
10856 0
10857 0
10858 0
10859 0
10860 0
10861 0
10862 0
10863 0
10864 1
10865 0
10866 0
10867 0
10868 0
10869 0
10870 0
10871 0
10872 0
10875 1
10879 1
10880 1
10881 1
10883 0
10884 1
10886 1
10887 1
10888 1
10892 1
10895 1
10896 0
10897 1
10900 0
10908 1
10909 1
10910 1
10911 1
10912 0
10913 0
10914 0
10915 0
10916 0
10917 0
10918 0
10919 0
10920 0
10921 0
10922 0
10923 0
10924 0
10925 0
10929 1
10930 1
10931 1
10935 1
10936 1
10937 1
10940 1
10941 1
10948 1
10949 1
10951 1
10952 1
10953 1
10954 1
10955 1
10956 1
10957 1
10958 1
10960 1
10962 1
10963 1
10965 1
10969 1
10972 1
10975 1
10977 1
10978 1
10979 1
10984 1
10985 0
10986 1
10989 1
10992 1
10993 0
10994 1
10996 1
10998 1
11001 1
11002 1
11003 1
11004 1
11005 0
11006 0
11009 0
11010 0
11011 0
11012 0
11013 0
11014 0
11015 0
11016 0
11017 0
11018 0
11019 0
11020 0
11021 0
11022 0
11023 0
11024 0
11025 0
11026 0
11027 0
11028 0
11029 0
11030 0
11031 1
11033 1
11035 1
11036 1
11037 1
11042 1
11044 1
11045 1
11046 1
11048 1
11049 1
11050 1
11052 1
11054 1
11056 1
11058 1
11060 1
11061 1
11069 1
11075 1
11076 1
11077 1
11079 1
11080 1
11083 1
11085 1
11087 1
11088 1
11090 1
11092 0
11093 0
11094 0
11095 0
11096 0
11097 0
11098 0
11099 0
11100 0
11101 0
11102 0
11103 0
11104 0
11105 0
11106 0
11110 1
11111 1
11112 1
11116 1
11117 1
11119 1
11120 1
11121 0
11122 0
11123 0
11124 0
11125 0
11126 1
11128 1
11131 1
11134 1
11136 1
11137 1
11143 1
11148 1
11149 1
11150 1
11151 0
11152 0
11153 0
11154 0
11155 0
11156 0
11157 0
11158 0
11159 0
11160 0
11161 0
11162 0
11163 0
11164 0
11165 1
11166 0
11167 0
11168 0
11169 0
11170 0
11171 0
11172 0
11173 0
11174 0
11175 0
11176 0
11177 0
11178 0
11179 0
11180 0
11181 0
11182 0
11183 0
11184 0
11185 0
11186 0
11188 0
11189 0
11191 1
11192 1
11195 1
11198 1
11200 1
11202 1
11204 1
11205 1
11206 1
11207 1
11209 1
11211 0
11212 0
11213 0
11214 1
11220 1
11221 1
11222 0
11223 0
11224 0
11225 0
11226 0
11227 0
11228 0
11229 0
11230 0
11231 0
11232 0
11233 0
11234 0
11235 0
11236 0
11237 0
11238 0
11239 0
11240 0
11241 0
11242 0
11243 0
11246 0
11249 1
11250 1
11251 0
11252 0
11253 0
11254 0
11255 0
11256 0
11257 0
11258 0
11259 0
11260 0
11261 0
11262 0
11263 0
11264 0
11265 0
11267 1
11268 1
11273 1
11274 1
11275 1
11281 1
11282 1
11284 1
11285 1
11287 1
11292 1
11293 0
11294 0
11295 0
11296 0
11297 1
11298 0
11299 1
11300 0
11301 0
11302 0
11304 1
11306 1
11308 1
11310 1
11314 1
11315 0
11316 0
11317 0
11318 0
11319 0
11320 0
11322 1
11323 1
11324 1
11328 1
11330 1
11331 1
11332 0
11333 0
11334 0
11335 0
11336 0
11337 0
11338 0
11339 0
11340 0
11341 0
11342 0
11343 0
11344 0
11345 0
11347 1
11348 0
11351 1
11352 1
11355 1
11357 1
11358 1
11361 1
11364 1
11365 1
11366 0
11367 1
11368 0
11369 0
11370 0
11371 0
11372 0
11373 0
11374 0
11375 0
11376 0
11377 0
11378 0
11379 0
11380 1
11381 1
11382 1
11385 1
11386 1
11387 1
11389 1
11392 1
11393 1
11395 1
11397 1
11398 1
11402 1
11403 1
11406 1
11407 0
11415 1
11416 1
11419 1
11420 0
11421 0
11422 1
11423 1
11424 1
11425 1
11426 1
11428 1
11429 1
11431 1
11432 1
11433 1
11434 1
11437 1
11446 1
11447 1
11448 1
11449 1
11453 1
11454 1
11456 1
11457 1
11458 1
11459 0
11461 1
11463 1
11464 1
11465 0
11467 1
11468 1
11476 1
11477 1
11479 1
11480 1
11482 1
11483 1
11484 0
11485 0
11486 0
11487 0
11488 0
11489 0
11493 1
11496 1
11497 1
11498 1
11499 0
11500 0
11501 0
11502 0
11503 0
11506 1
11507 1
11508 0
11510 0
11511 1
11512 1
11513 0
11514 0
11515 0
11516 0
11517 1
11518 1
11521 1
11523 1
11535 1
11539 1
11540 1
11543 1
11544 1
11545 1
11549 1
11550 1
11551 1
11553 1
11556 1
11557 1
11558 1
11559 1
11560 1
11561 1
11562 1
11564 1
11565 0
11566 0
11567 0
11568 1
11570 0
11571 0
11572 0
11573 0
11574 1
11575 1
11579 1
11581 1
11582 0
11584 0
11585 0
11586 0
11587 0
11588 0
11589 0
11590 0
11591 0
11592 0
11593 1
11595 0
11596 0
11597 0
11598 0
11599 0
11601 1
11606 1
11609 1
11610 1
11615 1
11616 1
11617 0
11618 0
11619 0
11620 0
11621 0
11622 0
11623 0
11624 0
11625 0
11626 0
11627 0
11628 0
11629 0
11630 0
11631 0
11632 0
11633 0
11634 0
11635 0
11636 0
11637 0
11638 0
11640 0
11641 1
11642 1
11650 1
11651 1
11654 1
11655 1
11658 1
11659 1
11662 1
11663 0
11665 1
11666 0
11667 0
11668 0
11669 0
11670 0
11671 0
11672 0
11673 0
11674 1
11676 1
11678 1
11680 1
11685 1
11686 1
11689 1
11690 1
11692 1
11695 0
11696 0
11697 0
11698 1
11699 0
11700 1
11702 1
11704 0
11705 0
11706 1
11712 1
11716 1
11717 1
11721 1
11723 1
11724 0
11725 0
11726 0
11727 1
11729 0
11731 1
11732 1
11733 0
11734 1
11735 0
11736 1
11738 1
11739 0
11740 0
11741 0
11742 1
11745 1
11746 1
11747 0
11748 1
11750 1
11751 0
11752 0
11753 1
11754 1
11756 1
11757 1
11758 1
11759 0
11760 0
11761 0
11762 0
11763 0
11764 0
11765 0
11766 0
11767 0
11768 1
11769 0
11770 0
11771 0
11772 1
11773 1
11775 1
11777 1
11781 1
11784 1
11785 1
11789 1
11790 1
11791 1
11792 0
11794 1
11795 0
11796 0
11797 0
11798 0
11799 0
11800 0
11801 0
11802 0
11803 0
11804 0
11805 1
11806 0
11807 0
11808 0
11809 0
11810 0
11811 0
11812 0
11813 0
11814 0
11816 1
11818 0
11819 0
11820 0
11821 0
11822 0
11823 0
11824 1
11828 1
11831 1
11832 0
11834 1
11835 1
11836 1
11838 1
11841 1
11846 1
11851 1
11854 1
11855 1
11856 1
11859 1
11861 1
11862 1
11863 1
11865 1
11866 1
11868 1
11871 1
11872 1
11873 1
11874 1
11877 1
11878 1
11879 1
11883 1
11885 1
11886 1
11887 1
11889 1
11891 1
11893 1
11895 1
11898 1
11899 0
11900 1
11901 0
11902 1
11905 1
11907 0
11908 1
11909 1
11914 1
11915 1
11919 1
11920 1
11921 1
11927 1
11933 1
11934 1
11936 1
11938 1
11939 1
11946 1
11947 1
11949 1
11952 1
11953 1
11954 1
11955 1
11957 1
11958 0
11959 0
11960 0
11961 0
11962 0
11963 0
11964 1
11966 0
11967 1
11968 1
11970 1
11972 1
11973 1
11974 1
11975 0
11980 1
11983 1
11984 0
11985 0
11986 0
11987 0
11988 0
11989 0
11990 0
11991 0
11992 0
11993 0
11994 0
11995 0
11996 0
11997 0
11998 0
11999 0
12000 0
12001 0
12002 0
12003 0
12004 0
12005 0
12008 0
12009 1
12013 1
12015 1
12016 1
12020 1
12021 1
12024 1
12025 1
12028 1
12030 1
12031 0
12032 0
12033 0
12034 0
12035 0
12036 0
12037 0
12038 1
12040 0
12043 1
12044 0
12045 0
12046 0
12047 0
12048 0
12049 0
12050 0
12051 0
12052 0
12053 0
12054 0
12055 0
12056 0
12057 0
12059 1
12061 1
12063 1
12069 1
12076 1
12077 1
12081 1
12084 1
12086 1
12087 0
12088 0
12089 0
12090 1
12091 1
12094 1
12095 1
12096 1
12097 1
12099 1
12100 1
12101 1
12102 1
12103 0
12105 1
12106 1
12109 1
12110 1
12113 1
12114 1
12116 1
12119 1
12120 1
12121 1
12122 0
12124 1
12126 1
12129 0
12130 0
12131 1
12133 0
12134 0
12136 1
12139 1
12140 1
12144 1
12145 0
12147 0
12148 0
12149 0
12150 0
12151 0
12152 1
12153 1
12157 1
12158 1
12160 1
12162 1
12163 1
12168 1
12171 1
12172 1
12176 1
12177 1
12178 0
12179 1
12180 0
12181 1
12184 1
12185 1
12190 1
12191 1
12192 1
12193 0
12194 0
12196 0
12197 0
12198 0
12200 1
12205 1
12207 1
12208 1
12209 1
12211 1
12213 1
12214 0
12215 0
12216 0
12217 0
12218 0
12219 0
12220 0
12221 0
12222 1
12223 0
12224 1
12225 0
12226 0
12229 1
12230 1
12231 1
12234 1
12237 1
12238 1
12239 1
12241 1
12242 1
12243 1
12245 0
12246 0
12247 0
12248 0
12249 0
12250 0
12251 0
12252 0
12253 1
12254 1
12255 1
12256 0
12257 0
12258 0
12259 0
12260 0
12261 0
12262 0
12263 0
12264 0
12265 0
12266 0
12267 0
12268 0
12269 0
12270 1
12271 1
12275 1
12276 1
12277 1
12280 1
12282 1
12283 1
12289 1
12290 1
12291 1
12293 1
12294 0
12295 0
12296 0
12297 0
12298 0
12299 0
12300 0
12301 0
12302 0
12303 0
12304 0
12305 0
12306 0
12307 0
12308 0
12309 0
12310 0
12311 0
12312 0
12313 0
12314 1
12315 0
12316 0
12320 1
12322 1
12323 1
12325 1
12335 1
12336 1
12338 1
12339 1
12343 1
12344 1
12346 1
12347 1
12348 1
12349 1
12352 1
12353 1
12355 1
12356 1
12368 1
12369 0
12370 0
12371 0
12372 1
12373 1
12374 0
12375 0
12376 0
12377 0
12378 0
12379 0
12380 0
12381 0
12382 0
12383 0
12384 0
12385 0
12386 0
12387 0
12388 0
12390 1
12392 1
12394 1
12396 1
12397 1
12402 1
12403 1
12404 1
12405 1
12407 1
12408 1
12409 0
12410 0
12411 0
12412 0
12413 0
12414 0
12415 0
12417 1
12420 1
12421 1
12422 1
12425 1
12426 1
12427 0
12429 0
12431 1
12432 1
12434 1
12435 1
12436 1
12437 1
12438 1
12439 1
12441 1
12444 1
12445 0
12446 0
12448 1
12449 1
12452 1
12455 1
12456 1
12462 1
12463 1
12464 1
12467 1
12468 1
12471 1
12473 1
12474 0
12476 0
12477 0
12478 0
12479 0
12480 0
12481 1
12482 1
12483 1
12488 1
12492 1
12497 1
12498 0
12499 1
12501 0
12502 0
12503 0
12504 0
12505 0
12506 0
12507 0
12508 0
12510 0
12511 0
12512 0
12513 1
12515 1
12516 0
12517 0
12519 1
12520 1
12521 0
12522 0
12527 1
12528 1
12530 0
12531 1
12532 1
12536 1
12540 1
12541 1
12543 1
12544 1
12545 1
12546 1
12553 1
12554 0
12555 0
12556 0
12558 0
12559 0
12560 0
12561 0
12562 0
12563 0
12564 0
12565 0
12566 0
12567 0
12568 0
12573 1
12574 1
12579 1
12581 1
12582 0
12583 0
12584 1
12585 1
12587 1
12588 1
12589 1
12590 0
12591 1
12595 0
12596 1
12597 0
12598 0
12599 0
12600 0
12601 0
12602 0
12603 0
12609 1
12614 1
12618 1
12620 0
12621 1
12622 1
12624 1
12625 1
12626 1
12627 1
12631 0
12633 0
12635 0
12639 1
12642 1
12643 0
12644 0
12645 0
12646 0
12647 0
12648 0
12649 1
12650 1
12651 0
12652 0
12653 0
12654 1
12656 0
12657 0
12658 0
12659 0
12660 0
12661 0
12662 0
12663 0
12664 0
12665 0
12666 1
12675 1
12677 1
12680 1
12681 0
12682 0
12683 0
12684 0
12685 1
12687 1
12688 0
12689 0
12691 1
12692 0
12693 1
12695 1
12697 1
12699 1
12700 0
12701 1
12709 1
12712 1
12713 1
12714 1
12715 1
12721 1
12724 0
12725 1
12726 0
12727 0
12728 0
12729 0
12730 0
12731 0
12732 0
12733 0
12734 0
12735 0
12736 0
12737 0
12738 0
12739 0
12740 0
12741 0
12742 0
12743 0
12744 0
12745 0
12746 0
12747 0
12748 0
12749 0
12751 0
12753 0
12754 0
12756 1
12757 1
12759 1
12760 0
12761 0
12762 0
12763 1
12765 1
12766 1
12767 1
12768 1
12770 0
12771 0
12772 0
12773 0
12774 1
12775 1
12776 1
12777 1
12780 1
12781 1
12787 0
12788 0
12789 0
12790 0
12791 0
12792 0
12793 1
12796 1
12797 1
12800 1
12801 1
12805 1
12807 1
12808 0
12809 0
12810 0
12811 0
12812 0
12813 0
12814 0
12815 0
12816 0
12817 0
12818 1
12823 1
12824 1
12826 1
12827 1
12828 1
12831 1
12833 1
12835 1
12837 1
12839 1
12840 1
12842 1
12844 1
12845 1
12848 1
12849 1
12850 1
12851 1
12854 1
12855 1
12857 1
12858 1
12861 1
12862 1
12865 1
12866 1
12868 1
12872 1
12873 1
12874 1
12876 1
12877 1
12881 1
12882 1
12883 0
12884 0
12885 0
12886 0
12887 0
12888 0
12889 0
12890 0
12891 0
12892 0
12893 0
12894 0
12895 1
12896 0
12897 0
12898 0
12899 0
12900 0
12902 0
12903 1
12904 1
12907 0
12908 1
12911 1
12916 1
12917 1
12923 1
12924 1
12925 1
12927 1
12928 1
12932 1
12933 0
12935 1
12937 1
12938 1
12941 1
12942 1
12943 1
12944 1
12946 1
12947 1
12953 1
12956 1
12960 1
12961 0
12962 0
12963 0
12964 1
12965 1
12966 1
12967 1
12971 1
12972 1
12973 1
12974 1
12976 0
12979 0
12980 0
12982 1
12989 1
12991 1
12992 1
12994 1
12995 1
12996 1
12998 1
13000 1
13003 1
13005 1
13009 1
13012 1
13013 1
13017 1
13019 1
13022 1
13023 1
13024 1
13025 0
13026 0
13027 0
13028 0
13032 1
13034 1
13037 1
13038 1
13043 1
13046 0
13047 0
13048 0
13049 0
13050 0
13051 0
13052 0
13053 1
13054 0
13055 0
13056 0
13057 0
13058 0
13059 0
13060 0
13061 1
13062 0
13063 0
13064 0
13066 0
13068 1
13069 0
13070 0
13071 0
13072 0
13073 1
13074 1
13077 1
13078 1
13080 1
13084 1
13089 1
13090 1
13092 1
13093 1
13099 1
13100 1
13101 1
13102 1
13103 1
13105 1
13106 0
13107 0
13108 0
13109 1
13113 1
13115 1
13116 0
13117 0
13118 0
13119 0
13120 0
13121 0
13122 0
13123 0
13124 0
13125 0
13126 0
13127 0
13128 0
13129 0
13130 0
13131 0
13132 1
13137 0
13138 0
13139 0
13140 0
13141 0
13142 1
13143 0
13144 0
13145 0
13146 0
13147 0
13148 0
13149 0
13150 0
13151 0
13152 1
13153 1
13154 1
13155 0
13156 0
13158 1
13159 1
13161 1
13162 1
13163 1
13164 1
13166 0
13167 0
13169 1
13170 1
13171 1
13174 1
13175 1
13176 0
13177 0
13178 0
13179 0
13180 0
13181 0
13182 0
13184 1
13185 1
13192 1
13197 1
13199 1
13202 1
13203 0
13204 0
13205 1
13209 1
13212 1
13213 1
13214 0
13215 0
13216 0
13217 0
13218 1
13219 0
13221 0
13224 1
13225 0
13226 1
13228 1
13231 1
13234 1
13236 1
13237 0
13238 0
13239 0
13240 1
13241 1
13243 1
13244 1
13245 0
13246 0
13247 0
13248 0
13249 0
13250 0
13251 0
13252 0
13253 0
13254 0
13255 0
13256 0
13257 0
13258 0
13259 1
13263 1
13264 0
13266 1
13267 1
13270 1
13273 1
13278 1
13279 1
13280 1
13281 0
13282 0
13283 0
13284 0
13285 0
13286 0
13287 0
13288 1
13291 1
13292 1
13293 1
13294 1
13295 1
13296 0
13297 1
13299 1
13300 1
13301 1
13303 1
13308 1
13309 1
13312 1
13313 1
13314 1
13315 1
13317 1
13318 1
13322 1
13324 0
13325 0
13326 1
13329 0
13330 0
13331 0
13337 1
13339 1
13344 1
13345 1
13352 1
13353 1
13360 1
13361 1
13364 1
13367 1
13368 1
13371 0
13374 1
13375 0
13376 0
13377 0
13378 0
13379 0
13380 0
13381 0
13382 0
13383 1
13384 0
13385 0
13387 1
13388 1
13392 1
13393 0
13394 1
13395 0
13396 1
13399 0
13401 1
13404 1
13406 1
13408 1
13409 1
13411 1
13415 1
13421 1
13424 1
13426 1
13427 1
13428 1
13429 1
13430 1
13431 1
13435 1
13436 0
13437 0
13438 0
13439 1
13442 1
13444 1
13446 1
13447 0
13448 0
13449 0
13450 0
13451 0
13452 0
13453 0
13454 0
13455 1
13459 1
13460 1
13461 0
13463 1
13464 1
13465 0
13466 0
13467 0
13468 0
13469 0
13470 1
13473 1
13475 1
13476 1
13477 0
13478 1
13479 0
13480 0
13481 0
13482 1
13485 1
13487 0
13488 0
13489 0
13490 0
13491 0
13492 0
13493 0
13494 0
13495 0
13496 0
13497 1
13498 0
13501 1
13504 1
13505 0
13506 0
13507 0
13508 0
13509 0
13510 0
13511 0
13512 0
13513 0
13514 0
13515 0
13516 0
13517 0
13518 0
13519 0
13520 0
13521 0
13522 0
13523 0
13524 0
13525 0
13526 0
13527 0
13528 0
13529 0
13530 0
13531 0
13532 0
13534 0
13535 0
13536 0
13537 0
13538 0
13539 0
13540 0
13542 1
13543 0
13544 1
13545 0
13546 1
13548 1
13549 0
13550 0
13551 0
13552 0
13553 0
13554 0
13555 0
13556 0
13557 0
13558 0
13559 0
13560 0
13561 0
13562 0
13563 0
13564 0
13565 0
13566 0
13567 0
13568 0
13569 0
13570 0
13571 0
13572 0
13573 1
13576 1
13579 1
13580 1
13583 1
13585 1
13590 1
13591 0
13592 0
13593 0
13595 1
13596 0
13597 0
13598 0
13599 0
13600 0
13601 0
13602 0
13603 0
13604 0
13608 1
13609 1
13611 1
13614 1
13615 1
13616 1
13621 1
13622 1
13625 1
13627 0
13628 1
13629 1
13630 0
13631 0
13632 0
13633 0
13634 0
13635 0
13636 0
13637 0
13638 0
13639 1
13640 0
13641 0
13642 0
13643 0
13644 0
13645 0
13646 1
13647 1
13648 1
13653 1
13655 1
13656 1
13658 0
13659 1
13660 1
13661 1
13663 1
13664 1
13666 1
13667 1
13668 0
13670 1
13673 1
13677 1
13680 1
13681 1
13683 1
13684 0
13685 0
13686 0
13687 0
13688 0
13689 0
13690 1
13691 1
13692 1
13693 1
13697 1
13698 1
13699 1
13701 1
13702 1
13704 1
13706 1
13708 0
13709 0
13710 0
13711 0
13712 0
13713 0
13714 0
13715 0
13718 0
13719 0
13720 0
13721 0
13722 1
13723 0
13724 1
13726 1
13727 0
13728 1
13730 0
13731 1
13732 0
13733 0
13734 0
13735 0
13736 0
13737 1
13738 1
13740 1
13741 1
13743 1
13744 1
13746 1
13750 1
13751 1
13752 1
13753 0
13754 1
13758 1
13760 1
13761 1
13764 1
13765 0
13770 1
13772 1
13773 1
13774 0
13777 1
13778 1
13780 1
13781 1
13783 1
13784 1
13785 1
13788 1
13790 1
13791 1
13794 1
13796 1
13797 1
13799 1
13801 1
13802 1
13803 1
13804 1
13807 1
13810 1
13814 1
13816 1
13817 0
13818 1
13819 0
13822 1
13823 1
13824 0
13825 1
13826 0
13828 0
13831 1
13832 0
13834 0
13835 0
13837 1
13838 0
13839 0
13840 1
13841 1
13842 0
13843 1
13847 1
13849 1
13856 1
13857 1
13859 1
13861 1
13862 1
13863 1
13864 0
13865 0
13866 0
13867 0
13868 0
13869 0
13870 0
13871 0
13872 0
13873 0
13874 0
13875 0
13877 0
13878 0
13879 0
13880 0
13881 0
13882 0
13883 0
13884 0
13885 0
13886 0
13887 0
13888 0
13889 0
13890 0
13891 0
13892 0
13893 0
13894 0
13895 0
13896 0
13897 0
13898 0
13902 1
13903 1
13906 1
13907 1
13909 1
13912 1
13913 1
13914 1
13917 1
13921 1
13923 0
13924 1
13927 1
13928 0
13929 1
13930 1
13931 1
13934 1
13935 0
13936 0
13937 0
13938 0
13939 0
13945 0
13946 1
13947 1
13948 0
13949 0
13950 0
13951 0
13952 0
13953 1
13958 1
13960 1
13961 1
13962 1
13963 1
13967 1
13969 1
13972 1
13974 1
13979 1
13982 1
13984 1
13985 1
13986 1
13987 1
13989 1
13990 1
13991 1
13992 1
13994 1
13996 1
13998 1
13999 0
14000 0
14001 0
14002 0
14003 0
14004 0
14005 0
14006 0
14007 0
14008 1
14010 1
14011 1
14012 0
14013 0
14014 0
14015 1
14016 1
14017 1
14018 1
14020 1
14024 1
14026 1
14027 1
14028 0
14030 1
14031 0
14032 0
14033 0
14034 0
14035 0
14036 0
14039 0
14040 1
14046 1
14051 1
14052 1
14054 1
14056 1
14057 1
14058 1
14059 0
14060 0
14062 1
14065 1
14066 0
14067 0
14068 0
14069 1
14070 1
14072 1
14073 1
14076 1
14077 1
14079 0
14080 0
14081 0
14082 0
14083 0
14084 0
14085 0
14086 0
14087 0
14089 0
14090 1
14093 0
14094 0
14095 1
14096 0
14097 0
14098 0
14099 0
14100 0
14101 0
14102 0
14103 0
14104 0
14105 0
14106 1
14107 1
14108 1
14111 1
14112 0
14113 0
14114 1
14115 0
14116 0
14117 0
14118 0
14119 0
14120 0
14121 0
14122 0
14123 0
14124 0
14125 0
14127 1
14128 1
14129 1
14130 1
14132 1
14135 1
14136 1
14141 1
14144 1
14145 1
14146 1
14148 1
14151 1
14155 1
14156 0
14157 0
14158 0
14159 0
14162 0
14163 1
14164 0
14165 1
14166 1
14167 0
14170 0
14171 0
14172 0
14173 0
14174 0
14175 0
14176 0
14177 1
14178 1
14180 1
14187 1
14188 0
14190 1
14191 1
14193 1
14197 1
14200 1
14202 1
14203 1
14205 1
14206 1
14211 1
14212 1
14213 1
14214 1
14216 1
14218 1
14219 0
14220 0
14221 0
14222 0
14223 0
14224 1
14225 1
14226 1
14227 1
14228 0
14229 1
14230 1
14231 0
14232 0
14233 0
14234 0
14235 0
14236 0
14237 0
14238 0
14239 0
14240 1
14242 0
14243 0
14244 0
14245 0
14246 0
14247 0
14248 0
14249 0
14251 1
14253 1
14260 1
14261 1
14264 1
14265 0
14270 0
14272 1
14273 0
14274 0
14275 0
14276 0
14277 0
14278 0
14279 0
14280 0
14281 0
14282 0
14283 0
14284 0
14285 0
14287 1
14289 1
14290 1
14292 1
14295 1
14296 1
14297 1
14298 1
14299 1
14300 1
14302 1
14303 1
14310 1
14311 1
14312 1
14313 1
14315 1
14317 1
14318 1
14319 1
14320 1
14321 1
14322 0
14323 0
14324 0
14325 1
14328 1
14330 1
14331 1
14332 1
14336 1
14337 1
14339 1
14340 0
14341 0
14342 1
14343 1
14345 1
14346 1
14348 0
14349 0
14350 0
14351 0
14352 0
14353 0
14354 0
14355 0
14356 0
14357 0
14358 0
14359 0
14361 1
14363 1
14364 1
14365 1
14366 1
14368 1
14371 1
14372 1
14374 1
14375 1
14376 1
14377 1
14378 1
14380 1
14383 1
14384 1
14385 0
14386 0
14387 0
14388 0
14389 0
14390 0
14391 0
14392 0
14393 0
14394 1
14395 1
14396 0
14398 1
14399 1
14400 0
14401 0
14403 0
14404 0
14405 0
14406 1
14412 1
14413 1
14414 0
14415 1
14418 1
14421 1
14425 1
14426 0
14427 1
14428 1
14430 1
14431 1
14432 1
14434 0
14435 0
14436 0
14437 0
14438 0
14439 0
14441 0
14442 1
14443 1
14444 0
14445 1
14446 0
14447 0
14448 0
14449 0
14450 0
14451 0
14452 0
14453 1
14454 0
14456 1
14458 1
14459 1
14460 1
14464 1
14468 1
14469 1
14470 1
14471 0
14472 0
14473 0
14476 1
14477 0
14479 1
14480 1
14481 0
14489 1
14490 1
14496 1
14499 1
14500 0
14501 0
14502 0
14503 0
14505 1
14510 1
14511 0
14512 0
14513 0
14514 0
14515 0
14516 0
14520 1
14521 1
14522 1
14524 0
14525 0
14526 1
14528 1
14529 0
14530 0
14531 0
14532 0
14533 1
14534 1
14537 1
14540 1
14541 0
14542 0
14543 1
14544 0
14545 1
14546 1
14547 0
14548 0
14549 0
14550 0
14551 0
14552 0
14553 0
14554 0
14555 0
14557 1
14558 1
14559 0
14560 0
14561 0
14562 0
14563 0
14564 0
14565 0
14566 0
14567 0
14568 0
14569 0
14570 0
14571 0
14572 0
14573 0
14576 0
14577 0
14578 1
14579 1
14580 0
14581 0
14582 0
14585 0
14586 0
14587 0
14588 0
14589 1
14590 0
14591 1
14592 1
14593 1
14594 1
14595 0
14597 1
14598 1
14599 1
14600 0
14601 0
14602 0
14604 1
14608 1
14611 1
14613 1
14614 1
14616 1
14621 0
14622 0
14623 0
14624 0
14625 0
14629 1
14630 1
14631 1
14632 1
14633 1
14637 1
14643 1
14644 0
14645 0
14646 1
14647 0
14648 0
14649 0
14650 0
14652 1
14655 1
14657 1
14658 1
14659 0
14660 0
14662 1
14663 1
14664 1
14665 1
14666 1
14667 1
14668 1
14669 1
14670 1
14671 0
14672 1
14673 1
14674 1
14675 1
14677 1
14678 1
14679 0
14685 1
14687 1
14690 1
14691 0
14692 0
14693 0
14698 1
14700 1
14701 1
14702 1
14706 1
14707 1
14708 1
14710 1
14713 1
14714 1
14717 1
14718 1
14720 1
14721 0
14722 0
14723 0
14724 0
14725 0
14726 0
14727 1
14728 1
14733 0
14734 0
14735 0
14736 0
14737 0
14738 0
14739 1
14740 1
14743 1
14745 1
14746 1
14748 1
14749 1
14750 1
14752 1
14753 1
14754 0
14755 0
14756 0
14757 0
14760 1
14761 1
14763 1
14765 1
14766 1
14768 1
14769 1
14772 1
14773 1
14774 0
14775 0
14776 0
14777 0
14778 0
14779 1
14782 1
14783 0
14784 0
14785 0
14786 0
14787 0
14788 0
14793 0
14794 0
14796 1
14798 1
14800 0
14804 0
14806 0
14807 0
14808 0
14809 0
14810 0
14811 0
14812 0
14813 0
14814 0
14815 0
14816 0
14817 0
14818 0
14819 1
14821 1
14822 0
14823 0
14825 0
14826 0
14827 0
14828 1
14829 0
14830 0
14831 1
14832 0
14833 1
14835 1
14836 1
14837 0
14838 0
14839 0
14840 1
14841 1
14842 1
14849 1
14851 1
14852 1
14853 1
14854 1
14856 0
14857 0
14858 0
14860 0
14861 0
14862 0
14863 0
14864 0
14865 0
14866 0
14867 0
14868 0
14869 0
14870 0
14871 0
14872 0
14873 0
14874 0
14875 0
14877 1
14878 0
14879 1
14881 1
14882 1
14888 1
14889 0
14890 1
14892 1
14894 1
14895 0
14896 0
14897 0
14898 0
14899 0
14901 0
14902 0
14904 0
14905 0
14906 0
14907 0
14908 1
14909 0
14910 0
14911 0
14912 0
14913 1
14915 1
14916 1
14917 1
14918 0
14919 0
14920 0
14921 0
14922 0
14923 0
14924 0
14925 0
14926 0
14928 0
14931 1
14932 1
14934 1
14935 1
14941 1
14942 1
14943 1
14947 1
14948 1
14949 1
14950 1
14952 1
14954 1
14955 1
14961 1
14962 0
14963 0
14968 1
14970 1
14971 0
14972 0
14973 0
14975 0
14976 0
14977 0
14978 0
14980 0
14981 0
14982 0
14983 1
14984 0
14985 0
14986 0
14987 0
14988 0
14989 1
14990 1
14991 1
14994 1
14998 1
15001 1
15002 1
15003 1
15004 0
15007 1
15008 0
15009 0
15010 0
15011 0
15013 1
15018 1
15023 1
15024 1
15025 0
15027 0
15028 0
15029 0
15030 0
15031 0
15032 1
15033 1
15036 1
15037 1
15038 1
15039 1
15040 1
15042 1
15049 0
15050 0
15051 0
15052 1
15053 1
15054 1
15055 1
15056 0
15057 0
15058 0
15059 0
15060 0
15061 0
15062 0
15066 1
15072 1
15073 1
15075 1
15076 1
15077 1
15080 1
15081 1
15082 0
15083 1
15084 1
15088 0
15089 1
15090 0
15091 0
15092 0
15093 0
15094 0
15095 0
15096 1
15097 1
15098 1
15099 1
15101 1
15106 0
15107 1
15108 1
15111 1
15112 1
15114 1
15117 1
15119 1
15123 1
15124 0
15125 0
15126 1
15127 0
15129 1
15130 1
15131 1
15132 1
15133 1
15134 0
15138 1
15139 0
15142 1
15143 1
15146 1
15148 0
15150 1
15151 1
15154 1
15155 1
15156 1
15157 0
15159 1
15160 1
15161 0
15162 0
15163 0
15164 0
15165 0
15166 0
15167 0
15168 0
15169 0
15170 0
15171 1
15173 1
15174 1
15177 1
15179 1
15180 1
15181 1
15182 1
15184 0
15185 1
15186 0
15187 0
15188 0
15189 0
15190 1
15192 1
15193 1
15198 1
15200 1
15201 0
15202 0
15203 0
15204 0
15205 1
15207 1
15208 1
15210 1
15211 1
15213 1
15215 1
15218 1
15220 0
15221 1
15222 0
15225 1
15229 1
15232 1
15239 1
15240 1
15244 1
15245 1
15247 1
15250 1
15251 0
15253 1
15254 1
15255 1
15256 0
15257 0
15258 0
15264 1
15265 1
15266 1
15269 1
15270 1
15272 1
15274 0
15275 0
15276 0
15278 0
15279 1
15280 0
15281 0
15282 0
15283 0
15284 0
15286 0
15287 0
15288 0
15289 1
15290 0
15291 1
15292 1
15293 0
15294 1
15295 0
15297 0
15298 0
15299 0
15302 1
15303 1
15304 1
15305 0
15306 1
15307 0
15308 0
15309 0
15310 0
15312 1
15314 1
15315 1
15316 0
15320 1
15322 1
15323 1
15324 0
15327 0
15328 0
15329 0
15330 1
15331 0
15335 1
15339 1
15340 1
15341 1
15342 1
15344 1
15345 1
15346 0
15347 0
15348 0
15349 0
15350 0
15351 0
15352 0
15353 0
15354 0
15355 0
15356 1
15357 0
15358 0
15359 0
15360 0
15361 0
15362 0
15363 1
15367 1
15369 1
15371 1
15372 1
15374 0
15375 0
15376 0
15377 0
15378 1
15379 1
15380 0
15381 1
15382 1
15384 1
15385 0
15386 0
15387 0
15388 0
15389 0
15390 0
15391 0
15392 0
15393 0
15394 0
15395 0
15396 0
15397 0
15398 1
15400 0
15401 1
15402 0
15403 0
15404 1
15405 1
15406 1
15410 0
15411 1
15412 0
15416 1
15422 1
15423 0
15424 0
15425 1
15426 1
15427 0
15428 0
15429 0
15430 0
15431 0
15432 1
15433 0
15434 1
15435 1
15436 0
15439 1
15440 1
15441 1
15442 1
15444 0
15445 0
15446 0
15448 0
15449 0
15450 0
15451 0
15452 0
15453 0
15454 0
15455 0
15456 0
15457 1
15458 1
15459 1
15460 1
15461 1
15462 1
15463 1
15464 1
15465 0
15466 0
15467 1
15468 1
15469 1
15470 0
15471 0
15472 0
15473 0
15474 0
15475 0
15476 0
15477 0
15478 0
15480 1
15481 0
15482 0
15483 0
15484 0
15485 0
15486 0
15487 1
15488 1
15489 0
15490 0
15491 0
15492 1
15493 1
15496 1
15497 1
15499 0
15500 1
15503 1
15504 1
15505 0
15506 0
15507 0
15508 0
15509 0
15511 0
15512 1
15513 1
15515 1
15516 1
15517 1
15521 1
15523 1
15524 1
15525 0
15526 0
15527 0
15528 1
15529 1
15530 1
15531 1
15532 1
15533 1
15534 0
15535 0
15536 0
15537 0
15538 0
15542 1
15546 1
15547 1
15550 1
15551 1
15552 0
15553 0
15554 0
15555 0
15556 0
15557 1
15558 1
15559 1
15560 1
15561 1
15562 0
15563 0
15564 0
15566 1
15569 1
15573 1
15574 1
15575 1
15576 0
15577 1
15580 1
15581 1
15582 0
15583 1
15586 1
15587 0
15588 0
15589 1
15590 1
15596 1
15597 1
15598 1
15599 0
15600 1
15602 1
15603 1
15604 0
15605 0
15606 0
15607 0
15608 0
15609 0
15610 0
15611 0
15612 0
15613 1
15614 1
15615 1
15616 1
15620 1
15621 1
15623 1
15624 0
15627 1
15630 1
15631 1
15632 1
15633 0
15635 1
15636 1
15638 1
15639 1
15640 1
15645 1
15646 1
15647 0
15648 1
15652 1
15656 1
15657 1
15658 1
15659 1
15660 1
15661 0
15662 0
15664 0
15665 1
15666 0
15667 0
15668 0
15669 1
15670 1
15672 1
15673 1
15674 1
15676 1
15677 1
15678 1
15684 1
15688 1
15689 1
15690 1
15691 0
15692 0
15693 0
15694 0
15695 1
15696 1
15697 1
15701 1
15704 1
15707 1
15708 1
15709 1
15710 0
15711 1
15713 1
15714 1
15715 1
15716 0
15723 1
15726 1
15727 0
15728 0
15729 0
15730 0
15731 0
15732 0
15733 0
15734 1
15735 0
15736 0
15737 0
15738 0
15739 0
15740 0
15745 1
15746 0
15747 0
15748 0
15749 0
15750 0
15751 0
15752 1
15753 1
15754 1
15755 0
15756 0
15757 0
15758 0
15759 0
15760 0
15761 1
15762 1
15763 1
15764 1
15765 1
15766 1
15768 0
15770 0
15774 1
15775 1
15776 1
15777 1
15778 0
15781 1
15784 1
15785 1
15786 0
15787 0
15788 1
15789 1
15793 0
15794 0
15795 1
15796 0
15798 0
15799 0
15800 0
15801 0
15802 0
15803 0
15804 0
15805 0
15806 0
15807 0
15808 0
15809 0
15810 0
15811 0
15812 0
15813 0
15814 0
15815 0
15816 1
15817 1
15818 0
15819 1
15820 1
15821 1
15822 1
15823 1
15827 1
15828 1
15829 1
15833 1
15834 0
15835 1
15837 0
15838 1
15839 1
15840 1
15841 1
15842 0
15843 1
15844 0
15845 1
15846 0
15847 1
15851 1
15852 1
15854 1
15855 1
15857 1
15858 0
15859 0
15860 0
15861 0
15863 1
15864 1
15865 0
15866 0
15868 1
15871 1
15874 1
15875 1
15876 1
15877 1
15878 0
15880 1
15883 1
15884 1
15885 0
15886 0
15887 1
15888 0
15889 1
15890 1
15891 1
15892 1
15893 1
15894 0
15895 1
15896 0
15899 1
15902 1
15903 1
15904 1
15907 1
15908 1
15909 1
15910 1
15911 1
15913 0
15914 0
15915 0
15918 1
15919 1
15920 1
15921 1
15924 0
15925 0
15926 0
15927 0
15928 1
15929 1
15930 1
15931 0
15934 1
15935 1
15936 1
15937 1
15938 0
15939 1
15940 0
15941 0
15942 0
15943 1
15944 0
15946 1
15949 1
15950 1
15952 1
15953 1
15954 1
15955 1
15956 0
15959 1
15961 1
15965 1
15970 1
15971 1
15972 1
15973 0
15977 0
15978 0
15979 0
15980 0
15981 0
15982 0
15983 0
15984 0
15985 0
15986 1
15987 1
15988 1
15994 1
15995 1
15997 1
15998 1
15999 1
16001 1
16002 0
16003 1
16004 0
16005 1
16006 1
16007 1
16008 1
16009 1
16010 1
16011 1
16015 1
16018 1
16019 1
16022 1
16023 1
16024 1
16025 1
16026 1
16029 1
16030 1
16031 0
16032 0
16033 1
16034 0
16035 1
16036 1
16038 1
16040 0
16041 0
16042 0
16043 0
16044 1
16045 1
16046 0
16047 1
16048 1
16049 0
16053 1
16054 1
16055 1
16056 1
16057 0
16058 0
16059 1
16060 1
16061 0
16062 1
16063 0
16065 1
16066 1
16067 1
16068 0
16069 1
16070 0
16073 1
16074 1
16078 1
16079 1
16080 1
16081 0
16082 0
16083 0
16084 0
16085 1
16086 0
16087 1
16088 0
16089 1
16091 1
16092 0
16093 1
16099 1
16100 0
16101 1
16102 0
16103 0
16104 1
16106 1
16107 1
16108 0
16109 0
16111 1
16112 0
16113 1
16114 1
16115 0
16116 0
16117 0
16118 0
16119 0
16120 0
16121 1
16122 0
16123 0
16124 0
16125 0
16126 0
16127 0
16128 0
16129 1
16130 1
16134 1
16137 1
16142 1
16143 1
16145 1
16146 0
16147 0
16148 0
16149 0
16150 1
16151 0
16152 1
16153 1
16154 0
16155 0
16161 1
16162 1
16169 1
16170 0
16171 1
16172 1
16173 0
16174 1
16175 0
16176 1
16177 1
16178 0
16179 0
16181 1
16183 1
16184 1
16185 1
16186 1
16187 1
16188 0
16189 0
16190 0
16192 1
16193 1
16194 1
16196 1
16200 1
16204 1
16205 1
16206 0
16208 1
16209 1
16213 1
16218 1
16221 1
16226 0
16227 0
16228 0
16230 0
16231 0
16232 0
16233 0
16234 0
16235 1
16237 1
16238 1
16239 0
16240 0
16241 0
16242 1
16243 1
16247 1
16250 1
16251 1
16252 1
16253 0
16258 0
16259 0
16260 0
16261 0
16262 0
16263 0
16264 1
16265 1
16266 1
16267 1
16268 0
16269 0
16270 0
16271 0
16272 1
16273 1
16274 0
16275 0
16276 0
16277 1
16278 0
16279 0
16282 1
16283 0
16284 0
16289 1
16290 0
16291 0
16292 0
16293 0
16294 0
16295 0
16296 0
16297 0
16298 0
16301 1
16302 1
16303 0
16304 0
16305 1
16313 0
16314 0
16315 0
16316 0
16317 0
16319 0
16320 0
16321 1
16322 1
16324 1
16325 0
16326 0
16327 0
16328 0
16329 1
16330 0
16333 1
16334 1
16336 1
16337 1
16338 1
16340 0
16341 1
16343 0
16344 1
16345 1
16346 1
16347 1
16348 1
16349 1
16350 0
16352 1
16353 0
16354 0
16355 0
16356 1
16357 1
16358 0
16359 0
16360 0
16361 0
16362 0
16364 1
16365 1
16366 1
16368 1
16369 1
16370 1
16371 0
16372 0
16373 0
16374 0
16375 0
16376 0
16377 0
16378 0
16379 1
16382 1
16383 1
16384 0
16385 0
16386 1
16387 1
16388 0
16389 0
16390 0
16391 1
16397 1
16400 1
16401 0
16402 1
16403 0
16404 1
16405 1
16412 1
16413 0
16414 0
16415 1
16417 1
16418 0
16419 1
16421 1
16422 1
16423 1
16424 0
16425 1
16428 1
16431 1
16432 1
16433 1
16435 1
16436 1
16437 1
16443 1
16448 1
16449 0
16450 0
16451 0
16452 0
16453 0
16454 0
16455 0
16456 0
16458 0
16459 0
16461 1
16464 0
16465 1
16469 1
16472 0
16474 1
16475 1
16476 0
16477 0
16478 1
16479 0
16480 0
16481 0
16482 1
16483 1
16484 0
16487 0
16488 0
16491 1
16492 0
16493 1
16494 1
16495 1
16497 0
16498 1
16499 1
16500 1
16501 1
16505 1
16508 1
16509 1
16510 1
16511 1
16514 0
16515 0
16518 1
16519 1
16520 1
16521 1
16522 1
16523 0
16524 1
16525 1
16528 1
16529 0
16530 0
16531 0
16532 1
16533 1
16534 1
16535 1
16536 0
16537 1
16538 0
16539 1
16540 0
16541 0
16542 0
16544 0
16546 1
16547 0
16548 0
16549 0
16550 0
16551 0
16552 1
16553 0
16554 0
16558 1
16559 1
16566 0
16567 0
16568 1
16569 1
16571 1
16574 1
16578 1
16579 0
16580 1
16582 0
16583 0
16584 1
16585 1
16587 1
16588 1
16589 0
16590 1
16591 0
16592 0
16593 0
16594 0
16596 1
16597 1
16599 1
16600 1
16602 0
16603 0
16604 1
16605 0
16606 1
16607 0
16608 1
16609 0
16610 1
16615 1
16616 1
16617 1
16618 0
16622 1
16623 0
16624 0
16625 1
16628 1
16629 0
16631 0
16633 0
16635 1
16636 1
16637 0
16638 0
16639 0
16640 0
16641 1
16642 1
16643 0
16644 1
16645 0
16646 1
16647 1
16648 1
16649 1
16650 0
16651 1
16652 0
16653 0
16654 1
16655 1
16656 0
16657 1
16659 0
16660 0
16661 0
16662 1
16663 1
16664 1
16665 0
16666 1
16667 0
16668 1
16669 0
16674 1
16677 0
16678 1
16679 0
16680 0
16681 0
16682 0
16683 0
16684 0
16685 0
16686 1
16688 1
16689 1
16690 1
16691 1
16694 0
16695 1
16697 1
16698 1
16699 0
16700 0
16701 1
16702 0
16703 1
16704 1
16705 0
16706 1
16707 0
16708 0
16709 0
16710 1
16711 1
16712 0
16713 0
16714 1
16715 1
16716 0
16717 1
16718 1
16719 0
16720 1
16721 1
16724 1
16725 1
16728 1
16730 0
16731 0
16732 0
16733 0
16734 0
16735 0
16736 0
16737 0
16738 1
16739 0
16740 1
16741 0
16742 0
16743 0
16744 0
16745 0
16746 0
16747 0
16750 0
16751 0
16752 1
16753 1
16754 0
16755 1
16756 0
16757 1
16758 1
16759 1
16760 0
16761 0
16762 0
16763 0
16764 0
16765 0
16766 0
16767 0
16768 0
16769 0
16770 0
16771 0
16772 0
16773 0
16775 0
16776 0
16777 0
16778 1
16779 0
16780 1
16791 1
16792 0
16793 0
16794 0
16795 0
16796 0
16797 0
16798 0
16799 0
16800 0
16801 0
16802 0
16803 0
16804 0
16805 0
16806 0
16807 0
16808 0
16809 0
16810 0
16811 0
16812 0
16813 0
16814 0
16815 0
16816 0
16817 0
16818 0
16819 0
16820 0
16821 0
16822 0
16823 0
16824 0
16825 0
16826 0
16827 0
16828 0
16829 0
16830 0
16831 0
16832 0
16833 0
16834 0
16835 0
16836 0
16837 0
16838 0
16839 0
16840 0
16841 0
16842 0
16843 0
16844 0
16845 0
16846 0
16847 0
16848 0
16849 0
16850 0
16851 0
16853 0
16855 0
16856 0
16857 0
16858 0
16859 0
16860 0
16861 0
16862 0
16864 0
16865 0
16866 0
16868 0
16869 0
16870 0
16871 0
16872 0
16873 0
16874 0
16875 0
16876 0
16877 0
16878 0
16879 0
16880 0
16881 0
16882 0
16883 0
16884 0
16885 0
16886 0
16887 0
16888 0
16889 0
16890 0
16891 0
16892 0
16893 0
16894 0
16895 0
16896 0
16897 0
16898 0
16899 0
16900 0
16901 0
16902 0
16903 0
16904 0
16905 0
16906 0
16907 0
16908 0
16909 0
16910 0
16911 0
16912 0
16913 0
16914 0
16915 0
16916 0
16917 0
16918 0
16919 0
16920 0
16921 0
16922 0
16923 0
16924 0
16925 0
16926 0
16927 0
16929 0
16930 0
16931 0
16932 0
16933 0
16934 0
16935 0
16936 0
16938 0
16939 0
16940 0
16941 0
16942 0
16943 0
16944 0
16945 0
16946 0
16947 0
16948 0
16949 0
16950 0
16951 0
16952 0
16953 0
16954 0
16955 0
16956 0
16957 0
16958 0
16959 0
16960 0
16961 0
16962 0
16963 0
16964 0
16965 0
16966 0
16967 0
16968 0
16969 0
16970 0
16971 0
16972 0
16973 0
16974 0
16975 0
16976 0
16977 0
16978 0
16979 0
16981 0
16982 0
16983 0
16984 0
16985 0
16986 0
16987 0
16988 0
16989 0
16990 0
16992 0
16993 0
16994 0
16995 0
16997 0
16998 0
16999 0
17000 0
17001 0
17002 0
17003 0
17004 0
17005 0
17006 0
17007 0
17008 0
17009 0
17010 0
17011 0
17012 0
17013 0
17014 0
17015 0
17016 0
17017 0
17018 0
17019 0
17020 0
17022 0
17023 0
17024 0
17025 0
17026 0
17027 0
17028 0
17029 0
17030 0
17031 0
17032 0
17033 0
17034 0
17035 0
17036 0
17037 0
17038 0
17039 0
17042 0
17043 0
17044 0
17045 0
17046 0
17047 0
17048 0
17049 0
17050 0
17051 0
17052 0
17053 0
17054 0
17055 0
17056 0
17057 0
17058 0
17059 0
17060 0
17061 0
17062 0
17063 0
17064 0
17065 0
17066 0
17067 0
17068 0
17069 0
17070 0
17071 0
17072 0
17073 0
17074 0
17075 0
17076 0
17077 0
17078 0
17079 0
17080 0
17081 0
17083 0
17084 0
17085 0
17086 0
17087 0
17088 0
17089 0
17090 0
17091 0
17092 0
17093 0
17094 0
17095 0
17096 0
17097 0
17098 0
17099 0
17100 0
17101 0
17102 0
17103 0
17104 0
17105 0
17106 0
17107 0
17108 0
17109 0
17110 0
17111 0
17112 0
17113 0
17114 0
17115 0
17116 0
17117 0
17118 0
17119 0
17120 0
17121 0
17122 0
17123 0
17124 0
17125 0
17126 0
17127 0
17128 0
17129 0
17130 0
17131 0
17132 0
17133 0
17134 0
17135 0
17136 0
17137 0
17138 0
17139 0
17140 0
17141 0
17142 0
17143 0
17144 0
17145 0
17146 0
17147 0
17148 0
17149 0
17150 0
17151 0
17152 0
17153 0
17154 0
17155 0
17156 0
17157 0
17158 0
17159 0
17160 0
17161 0
17162 0
17163 0
17164 0
17167 0
17168 0
17169 0
17171 0
17172 0
17173 0
17174 0
17175 0
17176 0
17177 0
17178 0
17179 0
17182 0
17183 0
17184 0
17185 0
17186 0
17187 0
17188 0
17189 0
17190 0
